title,budget,revenue,profit
Napoleon Dynamite,400000,46118097,45718097
Childless,1000000,0,-1000000
Æon Flux,62000000,53321673,-8678327
The Spiderwick Chronicles,90000000,164170327,74170327
American Beauty,15000000,356296601,341296601
Dancer in the Dark,12800000,40031879,27231879
8MM,40000000,96618699,56618699
Grand Theft Parsons,0,0,0
Perrier's Bounty,0,0,0
Amores perros,2000000,20908467,18908467
Jumper,85000000,222231186,137231186
A History of Violence,32000000,60740827,28740827
Blue Like Jazz,1250000,0,-1250000
Puss in Boots,130000000,554987477,424987477
Billy Elliot,5000000,109280263,104280263
Memento,9000000,39723096,30723096
The Open Road,0,0,0
The Spirit,60000000,39031337,-20968663
Gladiator,103000000,465361176,362361176
Match Point,15000000,85306374,70306374
Charlie and the Chocolate Factory,150000000,474968763,324968763
The Lord of the Rings: The Return of the King,94000000,1118888979,1024888979
Before I Go to Sleep,22000000,15447154,-6552846
千と千尋の神隠し,19000000,274925095,255925095
Heist,8900000,4100000,-4800000
Holes,20000000,0,-20000000
Step Up 2: The Streets,23000000,150816700,127816700
Where the Wild Things Are,100000000,100086793,86793
Donnie Darko,6000000,7500000,1500000
Io sono l'amore,3600000,12014663,8414663
"Hail, Caesar!",22000000,63647656,41647656
Lost in Translation,4000000,119723856,115723856
My Big Fat Greek Wedding,5000000,368744044,363744044
Kill the Messenger,5000000,5218973,218973
Ocean's Eleven,85000000,450717150,365717150
Ocean's Twelve,110000000,362744280,252744280
Ice Age: Dawn of the Dinosaurs,90000000,886686817,796686817
Cast Away,90000000,429632142,339632142
Kit Kittredge: An American Girl,0,0,0
28 Days Later,5000000,85720385,80720385
Superbad,20000000,121463226,101463226
Duplicity,60000000,78146652,18146652
The Interpreter,80000000,162944923,82944923
Minority Report,102000000,358372926,256372926
The Good German,32000000,5914908,-26085092
The Boondock Saints,6000000,30471,-5969529
Sin City,40000000,158733820,118733820
Sin City: A Dame to Kill For,65000000,39407616,-25592384
Astro Boy,10000000,19551067,9551067
Le Fabuleux Destin d'Amélie Poulain,10000000,173921954,163921954
Men in Black 3,225000000,624026776,399026776
How High,12000000,31155435,19155435
Hotel Rwanda,17500000,38000000,20500000
Vamps,16000000,0,-16000000
Saw III,10000000,163876815,153876815
The Proposition,2000000,5048693,3048693
Boys Don't Cry,2000000,11540607,9540607
I Spy,70000000,51386477,-18613523
The Legend of Hell's Gate: An American Conspiracy,0,0,0
About a Boy,27000000,129000000,102000000
The Switch,19000000,49830607,30830607
Dysfunctional Friends,1800000,0,-1800000
King Kong,207000000,562363449,355363449
Ayurveda: Art of Being,300000,2074000,1774000
The 6th Day,82000000,96085477,14085477
Never Back Down,20000000,41627431,21627431
Drillbit Taylor,40000000,0,-40000000
Enter Nowhere,0,0,0
The Other Side of Heaven,7000000,4720371,-2279629
Funny Games,15000000,7938872,-7061128
The Singles Ward,0,0,0
Underworld,22000000,95708457,73708457
John Q,36000000,102244770,66244770
Riding Giants,2600000,3166000,566000
Dave Chappelle's Block Party,3000000,11718595,8718595
Ink,250000,0,-250000
Terminator 3: Rise of the Machines,200000000,435000000,235000000
The Way Way Back,4600000,23198652,18598652
Insomnia,46000000,113714830,67714830
Mambo Italiano,4361898,3031801,-1330097
Faster,24000000,23081726,-918274
Snakes on a Plane,33000000,62022014,29022014
Independence Daysaster,1800000,0,-1800000
Jurassic Park III,93000000,368780809,275780809
Inspector Gadget,75000000,134400000,59400000
Magnolia,37000000,48451803,11451803
Good Bye Lenin!,4800000,79384880,74584880
The Devil Wears Prada,35000000,326551094,291551094
Rio 2,103000000,500188435,397188435
Insurgent,110000000,295238201,185238201
Allegiant,110000000,179246868,69246868
Tinker Tailor Soldier Spy,30000000,80630608,50630608
The Croods,135000000,587204668,452204668
The Change-Up,52000000,75450437,23450437
Man of Steel,225000000,754045518,529045518
R.I.P.D.,130000000,61648500,-68351500
Man on a Ledge,42000000,46221189,4221189
Shanghai Noon,55000000,56932305,1932305
AVP: Alien vs. Predator,70000000,177427090,107427090
Madea's Family Reunion,6000000,57231524,51231524
The Jungle Book,175000000,966550600,791550600
Garden State,2500000,26781723,24281723
The Straight Story,10000000,6203044,-3796956
The Heart of Me,7000000,0,-7000000
Philomena,12000000,100129872,88129872
The Life Aquatic with Steve Zissou,50000000,34808403,-15191597
Lottery Ticket,0,0,0
The Pianist,35000000,120072577,85072577
Ice Age,59000000,383257136,324257136
The History Boys,4000000,13401952,9401952
Master and Commander: The Far Side of the World,150000000,212011111,62011111
The Secret Life of Pets,75000000,875457937,800457937
The Day After Tomorrow,125000000,544272402,419272402
"María, llena eres de gracia",3000000,12450821,9450821
Diary of a Wimpy Kid,15000000,76196538,61196538
Detention of the Dead,500000,0,-500000
A Beautiful Mind,60000000,313542341,253542341
Ice Age: Continental Drift,95000000,877244782,782244782
Bringing Out the Dead,32000000,16800000,-15200000
Så som i himmelen,0,0,0
Planet 51,70000000,104945765,34945765
Growing Up Smith,0,0,0
Drag Me to Hell,30000000,90810892,60810892
Being John Malkovich,13000000,22863596,9863596
The Green Mile,60000000,286801374,226801374
Monster,8000000,60378584,52378584
The Ladies Man,24000000,13700000,-10300000
Anchorman: The Legend of Ron Burgundy,26000000,90574188,64574188
Notting Hill,42000000,363889678,321889678
Star Trek Beyond,185000000,343471816,158471816
Easy Virtue,0,0,0
Pitch Perfect 2,29000000,287506194,258506194
The Joneses,10000000,7022728,-2977272
Brick Mansions,28000000,68896829,40896829
Sharknado,1000000,0,-1000000
Stitches,100000,95000,-5000
The Statement,0,0,0
Fight Club,63000000,100853753,37853753
The Smurfs,110000000,563749323,453749323
Shorts,40000000,28972508,-11027492
The Hunger Games: Mockingjay - Part 1,125000000,752100229,627100229
Red Riding Hood,42000000,89162162,47162162
Das Leben der Anderen,2000000,70000000,68000000
House at the End of the Street,6900000,44287131,37387131
Sinister,3000000,82515113,79515113
Silent Hill,50000000,97607453,47607453
Red Dog,0,0,0
The Hours,25000000,41597830,16597830
The Terminal,60000000,219417255,159417255
Cidade de Deus,3300000,30641770,27341770
The Matrix Reloaded,150000000,738599701,588599701
Savages,45000000,82966152,37966152
The Matrix Revolutions,150000000,424988211,274988211
Penguins of Madagascar,132000000,373552094,241552094
Munich,70000000,130358911,60358911
Der Untergang,18339750,92180910,73841160
Damsels in Distress,0,0,0
Out of the Furnace,22000000,15400000,-6600000
Crazy Heart,7000000,47405566,40405566
The Ninth Gate,38000000,58401898,20401898
Doom,60000000,58072119,-1927881
Bridget Jones's Diary,25000000,281929795,256929795
Underdogs,0,0,0
Catch Me If You Can,52000000,352114312,300114312
A.I. Artificial Intelligence,100000000,235926552,135926552
The X Files: I Want to Believe,30000000,68369434,38369434
The Bank Job,20000000,64822796,44822796
Twin Falls Idaho,0,0,0
Agent Cody Banks 2: Destination London,26000000,28818995,2818995
Harry Potter and the Chamber of Secrets,100000000,876688482,776688482
Harry Potter and the Prisoner of Azkaban,130000000,789804554,659804554
Harry Potter and the Goblet of Fire,150000000,895921036,745921036
Pearl Harbor,140000000,449220945,309220945
Eight Legged Freaks,30000000,45867333,15867333
हाउसफुल,0,0,0
Nerve,19000000,85241496,66241496
Finding Forrester,43000000,80049764,37049764
Won't Back Down,0,5310554,5310554
Navy Seals vs. Zombies,0,0,0
The Ballad of Jack and Rose,1500000,712294,-787706
Redemption Road,0,0,0
Diary of a Wimpy Kid: Dog Days,22000000,76196538,54196538
Warm Bodies,35000000,116980662,81980662
Yes,0,0,0
We Bought a Zoo,50000000,120081841,70081841
Nowhere Boy,0,6577779,6577779
The Sixth Sense,40000000,672806292,632806292
12 Rounds,20000000,17280326,-2719674
What Just Happened,25000000,6673422,-18326578
Money Monster,27000000,93282604,66282604
Taken 2,45000000,376141306,331141306
Fun Size,14000000,11417362,-2582638
I Love You Phillip Morris,13000000,20768906,7768906
スチームボーイ,20000000,10864373,-9135627
From Hell,35000000,74558115,39558115
Wreck-It Ralph,165000000,471222889,306222889
Silver Linings Playbook,21000000,236412453,215412453
Captain America: Civil War,250000000,1153296293,903296293
Les Misérables,61000000,441809770,380809770
The Tree of Life,32000000,54674226,22674226
Twilight,37000000,393616788,356616788
Imaginary Heroes,10000000,0,-10000000
Little Miss Sunshine,8000000,100523181,92523181
After Earth,130000000,243843127,113843127
The Out-of-Towners,75000000,29000000,-46000000
The Marine,20000000,22165608,2165608
Assault on Precinct 13,30000000,35294470,5294470
The Judge,50000000,83719388,33719388
Mr. & Mrs. Smith,110000000,478207520,368207520
Our Kind of Traitor,0,9930095,9930095
Dear Frankie,0,1656829,1656829
The Imitation Game,14000000,233555708,219555708
Jagal,1000000,444575,-555425
The Roommate,16000000,52545707,36545707
Certifiably Jonathan,1200000,0,-1200000
A Turtle's Tale: Sammy's Adventures,0,71594792,71594792
The Emperor's Club,0,16318449,16318449
Fear Clinic,1000000,0,-1000000
The Best Exotic Marigold Hotel,10000000,136836156,126836156
Derailed,22000000,57479076,35479076
Fright Night,30000000,41002607,11002607
Shrek 2,150000000,928760770,778760770
The Son of No One,15000000,0,-15000000
Just Like Heaven,58000000,102854431,44854431
Black November,12500000,0,-12500000
Why Did I Get Married?,15000000,55184721,40184721
Moulin Rouge!,52500000,179213434,126713434
The Santa Clause 2,65000000,172842355,107842355
All the Boys Love Mandy Lane,750000,0,-750000
The Guru,0,0,0
What Happens in Vegas,35000000,219375562,184375562
Big Daddy,34200000,234801895,200601895
2046,12000000,19271312,7271312
The Cave,30000000,15007991,-14992009
The Family Stone,19000000,92000000,73000000
Enemy at the Gates,68000000,96976270,28976270
Black Hawk Down,92000000,172989651,80989651
The Help,25000000,216639112,191639112
Finding Neverland,25000000,116766556,91766556
Tsotsi,3000000,9879971,6879971
Planet of the Apes,100000000,362211740,262211740
Mr. Popper's Penguins,55000000,187361754,132361754
Zwartboek,21000000,26768563,5768563
Lovely & Amazing,250000,4186931,3936931
Raising Victor Vargas,800000,2816116,2016116
Two Can Play That Game,13000000,22390000,9390000
The Flintstones in Viva Rock Vegas,83000000,59468275,-23531725
Miss Julie,5500000,5000000,-500000
Buffalo Soldiers,15000000,0,-15000000
The Thomas Crown Affair,48000000,124305181,76305181
The Artist,15000000,133432856,118432856
Cinderella Man,88000000,108539911,20539911
Dawn of the Dead,28000000,102356381,74356381
Creed,37000000,173567581,136567581
Galaxy Quest,45000000,90683916,45683916
Funny Ha Ha,0,76901,76901
The Soloist,60000000,31720158,-28279842
Ice Age: The Meltdown,80000000,660998756,580998756
The November Man,15000000,32556119,17556119
Madagascar,75000000,542063846,467063846
L!fe Happens,930000,30905,-899095
Brotherly Love,1900000,0,-1900000
Konferenz der Tiere,0,0,0
Last Holiday,45000000,38399961,-6600039
United Passions,27000000,0,-27000000
Kurmanjan Datka. Queen of the Mountains,1400000,0,-1400000
16 to Life,0,0,0
Mulholland Drive,15000000,20117339,5117339
How to Deal,0,0,0
Departure,0,0,0
Earth to Echo,13000000,45300000,32300000
Kung Fu Panda 3,145000000,521170825,376170825
Absentia,70000,0,-70000
Burnt,20000000,36606743,16606743
The Informers,18000000,382174,-17617826
Me You and Five Bucks,0,0,0
Child 44,50000000,3324330,-46675670
Jesus' Son,2500000,1300000,-1200000
S.W.A.T.,80000000,116643346,36643346
The Purge: Anarchy,9000000,111928365,102928365
Welcome to Collinwood,1200000,0,-1200000
Arlington Road,21500000,0,-21500000
Blue Crush,25000000,51842679,26842679
Death to Smoochy,55000000,0,-55000000
Pride and Prejudice and Zombies,28000000,16374328,-11625672
Whale Rider,8000000,41400000,33400000
The Thirteenth Floor,16000000,18564088,2564088
Crocodile Dundee in Los Angeles,21150000,39438674,18288674
The Wind That Shakes the Barley,6500000,22889018,16389018
Dreamgirls,70000000,154937680,84937680
Post Grad,15000000,6414729,-8585271
Wall Street: Money Never Sleeps,70000000,134748021,64748021
The Scorpion King,60000000,165333180,105333180
The Greatest Movie Ever Sold,0,621951,621951
The Core,60000000,74208267,14208267
Nacho Libre,35000000,99255460,64255460
One Hour Photo,12000000,52223306,40223306
The Queen,15000000,123384128,108384128
Final Destination 2,26000000,90941129,64941129
Mars Needs Moms,150000000,38992758,-111007242
Super Size Me,65000,28575078,28510078
Krampus,15000000,61788393,46788393
Thir13en Ghosts,42000000,68467960,26467960
Vacation,31000000,104384188,73384188
Babylon A.D.,70000000,72108608,2108608
Hollow Man,95000000,190213455,95213455
Carriers,0,5802422,5802422
The Lincoln Lawyer,40000000,85412898,45412898
The Descent,3500000,57051053,53551053
Transformers: Age of Extinction,210000000,1104000000,894000000
Zoolander,28000000,60780981,32780981
Hop,63000000,183953723,120953723
The Talented Mr. Ripley,40000000,128798265,88798265
Surf's Up,85000000,149044513,64044513
Precious,10000000,47536959,37536959
Year One,60000000,62357900,2357900
The Transporter Refueled,25000000,72629670,47629670
Never Let Me Go,15000000,9918093,-5081907
Sherlock Holmes: A Game of Shadows,125000000,334615000,209615000
The Royal Tenenbaums,21000000,71441250,50441250
Rocky Balboa,24000000,155721132,131721132
She's Out of My League,20000000,49779728,29779728
Snow White and the Huntsman,170000000,396600000,226600000
Because I Said So,0,69485490,69485490
Election,0,0,0
Stranger Than Fiction,30000000,53653224,23653224
The Corruptor,25000000,15156200,-9843800
Street Kings,20000000,65569869,45569869
District 9,30000000,210819611,180819611
300,65000000,422610419,357610419
Before Midnight,3000000,11176469,8176469
TMNT,34000000,95608995,61608995
On the Line,0,0,0
功夫,20000000,101434304,81434304
Charlie's Angels: Full Throttle,120000000,259175788,139175788
Johnny English,40000000,160583018,120583018
Love in the Time of Monsters,0,0,0
Living Dark: The Story of Ted the Caver,0,0,0
Hanna,30000000,63782078,33782078
Night at the Museum: Secret of the Tomb,127000000,363204635,236204635
Kung Fu Panda,130000000,631744560,501744560
Corky Romano,11000000,23978402,12978402
The Adventures of Rocky & Bullwinkle,76000000,35134820,-40865180
Final Destination,23000000,112880294,89880294
Jersey Girl,35000000,35492921,492921
Prince of Persia: The Sands of Time,150000000,335154643,185154643
American Psycho,7000000,34266564,27266564
Frida,12000000,56298474,44298474
Rabbit-Proof Fence,0,0,0
Monster's Ball,4000000,44909486,40909486
Blood Diamond,100000000,171720398,71720398
Shortbus,2000000,5179037,3179037
Blood Work,50000000,31794718,-18205282
The Fountain,35000000,15304890,-19695110
Me and You and Everyone We Know,0,0,0
Y tu mamá también,5000000,33616692,28616692
Friends with Benefits,35000000,149542245,114542245
Just Go with It,80000000,214945591,134945591
Griff the Invisible,2902660,0,-2902660
Big Momma's House,30000000,173959438,143959438
Party Monster,5000000,742898,-4257102
The Departed,90000000,291465000,201465000
The Order,35000000,11560806,-23439194
Elizabethtown,57000000,52164016,-4835984
25th Hour,5000000,24000000,19000000
Alex & Emma,30000000,15368897,-14631103
Little Children,26000000,14821658,-11178342
Scooby-Doo,84000000,275650703,191650703
My Name Is Khan,12000000,42345360,30345360
Cheaper by the Dozen 2,60000000,129181830,69181830
Superman Returns,270000000,391081192,121081192
Coffee Town,2000000,0,-2000000
The Italian Job,60000000,176070171,116070171
Black Christmas,9000000,21510851,12510851
Flyboys,60000000,17834865,-42165135
The Black Dahlia,50000000,49111202,-888798
Grace Unplugged,0,0,0
Hellboy,66000000,99318987,33318987
Gone in Sixty Seconds,90000000,237202299,147202299
The World's End,20000000,46089287,26089287
Pulse,38000000,29907685,-8092315
Bubble Boy,0,0,0
Miss Congeniality,45000000,212000000,167000000
滿城盡帶黃金甲,45000000,78568977,33568977
Igby Goes Down,9000000,4777465,-4222535
Because of Winn-Dixie,14000000,32645546,18645546
Hollywood Ending,16000000,0,-16000000
Wanderlust,35000000,24159934,-10840066
The Walking Deceased,0,0,0
Lady in the Water,70000000,72785169,2785169
The Last Legion,67000000,25303038,-41696962
My Summer of Love,0,0,0
The Last King of Scotland,6000000,48027970,42027970
My Dog Skip,6000000,35547761,29547761
Talladega Nights: The Ballad of Ricky Bobby,72500000,162966177,90466177
A Good Year,35000000,42064105,7064105
Spy Game,115000000,143049560,28049560
Where the Truth Lies,25000000,0,-25000000
Collateral,65000000,217764291,152764291
Snow Flower and the Secret Fan,134005,1332231,1198226
Changing Lanes,45000000,94935764,49935764
Imagine Me & You,0,2455831,2455831
Thumbsucker,0,1919197,1919197
Ghost World,7000000,0,-7000000
Unbreakable,75000000,248118121,173118121
Avengers: Age of Ultron,250000000,1405403694,1155403694
28 Weeks Later,15000000,65048678,50048678
Insidious: Chapter 3,10000000,104303851,94303851
Cellular,25000000,56422687,31422687
Live Free or Die Hard,110000000,383531464,273531464
Goal!,10000000,27610873,17610873
Men with Brooms,7500000,4245870,-3254130
Gridiron Gang,30000000,41480851,11480851
The Break-Up,52000000,205668210,153668210
Take Me Home Tonight,19000000,6928068,-12071932
Million Dollar Arm,25000000,38307627,13307627
Resident Evil: Apocalypse,45000000,129394835,84394835
The Holiday,85000000,194168700,109168700
Head of State,35200000,37788228,2588228
Secret Window,40000000,92913171,52913171
The Sisterhood of the Traveling Pants,25000000,39053061,14053061
Bring It On,28000000,90449929,62449929
Detroit Rock City,6500000,4217115,-2282885
Nirgendwo in Afrika,0,0,0
Lords of Dogtown,25000000,13411957,-11588043
Meet the Parents,55000000,330444045,275444045
The Hills Have Eyes,15000000,69623713,54623713
Employee of the Month,12000000,38368909,26368909
Bridget Jones: The Edge of Reason,40000000,262500000,222500000
Lisa Picard Is Famous,0,112521,112521
Cloud Atlas,102000000,130482868,28482868
Bedazzled,48000000,90383208,42383208
United 93,15000000,76286096,61286096
The Phantom of the Opera,70000000,154648887,84648887
Happy Feet,100000000,384335608,284335608
एबीसीडी,0,222000,222000
Beyond Borders,35000000,0,-35000000
Good Intentions,0,0,0
My Favorite Martian,65000000,36850101,-28149899
Gossip,14000000,5108820,-8891180
R.L. Stine's Monsterville: The Cabinet of Souls,4400000,0,-4400000
Middle of Nowhere,2000000,2368060,368060
Forgetting Sarah Marshall,30000000,105173115,75173115
Martha Marcy May Marlene,0,3538446,3538446
Interstellar,165000000,675120017,510120017
Nueve reinas,1300000,12413888,11113888
Le Nom des gens,4600000,0,-4600000
Shallow Hal,40000000,141069860,101069860
Sleepover,10000000,10143022,143022
Rat Race,48000000,85498534,37498534
The Producers,45000000,38058335,-6941665
The Hoax,25000000,11772461,-13227539
The Ant Bully,50000000,55181129,5181129
Barnyard,51000000,116476887,65476887
All the King's Men,55000000,9450897,-45549103
The World's Fastest Indian,25000000,0,-25000000
The Skeleton Key,43000000,93983911,50983911
Captain Corelli's Mandolin,57000000,62112895,5112895
Higher Ground,2000000,841733,-1158267
The Incredible Hulk,150000000,163712074,13712074
The Last Sin Eater,0,0,0
Iron Man,140000000,585174222,445174222
The Forbidden Kingdom,55000000,127906624,72906624
The Mummy Returns,98000000,443280904,345280904
The Mummy: Tomb of the Dragon Emperor,145000000,403449830,258449830
Dumb and Dumber To,40000000,169837010,129837010
The Spectacular Now,2500000,6854611,4354611
Analyze That,60000000,55003135,-4996865
Hannah Montana: The Movie,35000000,155545279,120545279
Taking Woodstock,30000000,9975737,-20024263
The Fault in Our Stars,12000000,307166834,295166834
End of Days,100000000,211989043,111989043
Rescue Dawn,10000000,7177143,-2822857
The Forest,10000000,37608299,27608299
Romance,0,1314053,1314053
Blades of Glory,53000000,0,-53000000
Ted 2,68000000,215863606,147863606
Tower Heist,75000000,152930623,77930623
The Words,6000000,13231461,7231461
The Boy,10000000,64188367,54188367
Premonition,20000000,84146832,64146832
Land of the Lost,100000000,68688831,-31311169
An Inconvenient Truth,1000000,46243000,45243000
Max Keeble's Big Move,25000000,18634654,-6365346
Charlotte's Web,85000000,144000000,59000000
Beerfest,17500000,19179969,1679969
Antitrust,30000000,18195610,-11804390
Mean Machine,0,0,0
Paa,3250000,0,-3250000
The Rules of Attraction,4000000,0,-4000000
From Paris with Love,52000000,52826594,826594
Brooklyn's Finest,17000000,45719985,28719985
An American Haunting,14000000,29612137,15612137
Ghosts of Mars,28000000,14010832,-13989168
Lord of War,50000000,72617068,22617068
The Next Best Thing,25000000,24362772,-637228
Dogma,10000000,31429330,21429330
High Heels and Low Lifes,0,0,0
On the Road,25000000,8784318,-16215682
Man on the Moon,82000000,47434430,-34565570
Agora,70000000,39041505,-30958495
World Trade Center,65000000,163247198,98247198
Dreaming of Joseph Lees,2000000,7,-1999993
Joan of Arc,85000000,66976317,-18023683
The Twilight Saga: New Moon,50000000,709827462,659827462
The Proposal,40000000,317375031,277375031
Transformers,150000000,709709780,559709780
Get Over It,22000000,0,-22000000
The Marine 4: Moving Target,1950000,0,-1950000
When a Stranger Calls,15000000,66966987,51966987
Get Rich or Die Tryin',40000000,46442528,6442528
The Shaggy Dog,50000000,61112916,11112916
Feast,3200000,658573,-2541427
Enter the Void,13000000,754249,-12245751
Date Movie,20000000,48548426,28548426
Oblivion,120000000,286168572,166168572
A Single Man,7000000,24964890,17964890
Triangle,12000000,1594955,-10405045
Hoot,0,0,0
Star Wars: Episode I - The Phantom Menace,115000000,924317558,809317558
Star Wars: Episode II - Attack of the Clones,120000000,649398328,529398328
The Vatican Tapes,13000000,1784763,-11215237
Oculus,5000000,44459951,39459951
13 Going on 30,37000000,96455697,59455697
The Beach,40000000,144056873,104056873
Red Lights,14000000,13551174,-448826
The Last Shot,0,0,0
Mar adentro,12806000,38535221,25729221
Stick It,0,0,0
Now You See Me,75000000,351723989,276723989
The Virginity Hit,2000000,563706,-1436294
The Amazing Spider-Man,215000000,757930663,542930663
October Baby,1000000,5396618,4396618
Act of Valor,12000000,81272766,69272766
An Unfinished Life,30000000,18618284,-11381716
Crank,12000000,42931041,30931041
Manderlay,14200000,674918,-13525082
The Butterfly Effect,13000000,96060858,83060858
Bad Santa,23000000,76488889,53488889
Gerry,3500000,0,-3500000
Dumb and Dumberer: When Harry Met Lloyd,19000000,39267515,20267515
The Grudge,10000000,183474602,173474602
The Country Bears,35000000,18012097,-16987903
Half Past Dead,13000000,19233280,6233280
Night at the Museum: Battle of the Smithsonian,150000000,413106170,263106170
The Constant Gardener,25000000,82466670,57466670
Frozen River,1000000,5457664,4457664
He's Just Not That Into You,40000000,178866158,138866158
The Midnight Meat Train,15000000,3533227,-11466773
Lara Croft: Tomb Raider,115000000,274703340,159703340
Pineapple Express,27000000,101624843,74624843
Get on Up,30000000,33448971,3448971
In the Bedroom,1700000,0,-1700000
Shrek Forever After,165000000,752600867,587600867
We Own the Night,21000000,54926886,33926886
Defendor,3500000,44462,-3455538
The Best of Me,26000000,35926213,9926213
Thor,150000000,449326618,299326618
The Last Airbender,150000000,319713881,169713881
The Princess and the Frog,105000000,270997378,165997378
"4 luni, 3 săptămîni și 2 zile",852510,1185783,333273
Bedtime Stories,80000000,212874864,132874864
Message in a Bottle,80000000,118880016,38880016
Muppets from Space,24000000,22300000,-1700000
The Wedding Planner,35000000,94728529,59728529
Time to Choose,3500000,0,-3500000
Hidalgo,100000000,108103450,8103450
Epic,100000000,268426634,168426634
Mr. Deeds,50000000,171269535,121269535
Hostage,52000000,77944725,25944725
Snow Falling on Cedars,35000000,0,-35000000
Summer Catch,34000000,19693891,-14306109
Haute tension,0,6291958,6291958
The Lake House,40000000,114830111,74830111
The Losers,25000000,23580000,-1420000
"I, Robot",120000000,347234916,227234916
The Station Agent,500000,8679814,8179814
디 워,32000000,75108998,43108998
Ratatouille,150000000,623726000,473726000
Silent House,2000000,13101672,11101672
Birthday Girl,13000000,0,-13000000
Romeo Must Die,25000000,91036760,66036760
Summer of Sam,22000000,19288130,-2711870
Aberdeen,0,0,0
Fido,8000000,426224,-7573776
Frat Party,0,0,0
This Is Where I Leave You,19800000,41296320,21496320
Payback,90000000,161626121,71626121
Womb,3100000,0,-3100000
Ghostbusters,144000000,229147509,85147509
Final Fantasy: The Spirits Within,137000000,85131830,-51868170
Stigmata,29000000,50041732,21041732
Gamer,50000000,40828540,-9171460
She's All That,10000000,103166989,93166989
The Ides of March,12500000,76338111,63838111
The Ring Two,50000000,161451538,111451538
Gunless,10000000,0,-10000000
My Baby's Daddy,12000000,18490423,6490423
Freaky Friday,26000000,110230332,84230332
Drive Hard,12000000,0,-12000000
The Cry of the Owl,11500000,0,-11500000
Zoolander 2,50000000,55969000,5969000
Reindeer Games,42000000,32168970,-9831030
Two Lovers,9800000,16303643,6503643
The Glass House,30000000,23619609,-6380391
"Food, Inc.",0,0,0
Lost Souls,50000000,31355910,-18644090
The Young and Prodigious T.S. Spivet,33000000,9494789,-23505211
The Limey,10000000,3193102,-6806898
Death at a Funeral,9,8,-1
A Most Wanted Man,15000000,31554855,16554855
Angela's Ashes,50000000,13042112,-36957888
Double Jeopardy,70000000,177841558,107841558
16 Blocks,55000000,65664721,10664721
Deuce Bigalow: Male Gigolo,17000000,65535067,48535067
Aimee & Jaguar,0,0,0
Brigham City,1000000,852206,-147794
What Planet Are You From?,60000000,0,-60000000
"Lovely, Still",0,0,0
No Man's Land: The Rise of Reeker,2000000,0,-2000000
Friday After Next,20000000,33526835,13526835
Rocket Singh: Salesman of the Year,1250000,0,-1250000
War,25000000,40452643,15452643
A Dog's Breakfast,120000,0,-120000
Unfaithful,50000000,119137784,69137784
Eastern Promises,51500000,56106607,4606607
Chicago Overcoat,3200000,0,-3200000
Bachelorette,3000000,11947954,8947954
Beasts of the Southern Wild,1800000,21107746,19307746
Show Me,0,0,0
B-Girl,0,0,0
28 Days,43000000,6219894,-36780106
Down to You,9000000,0,-9000000
"For a Good Time, Call...",850000,1243961,393961
Date Night,55000000,152263880,97263880
Cold Mountain,79000000,173013509,94013509
102 Dalmatians,85000000,183611771,98611771
Foodfight!,65000000,73706,-64926294
Jay and Silent Bob Strike Back,22000000,33788161,11788161
Shame,6500000,3909002,-2590998
Drop Dead Gorgeous,10000000,10571408,571408
Bats,0,10155690,10155690
Inkheart,60000000,62803180,2803180
In the Name of the King: A Dungeon Siege Tale,60000000,0,-60000000
The Sound and the Shadow,0,0,0
Bending Steel,0,0,0
Madagascar: Escape 2 Africa,150000000,603900354,453900354
Sherlock Holmes,90000000,524028679,434028679
Mercy Streets,600000,173599,-426401
ராமானுஜன்,0,0,0
Fast Five,125000000,626137675,501137675
L.I.E.,700000,1667192,967192
The Lizzie McGuire Movie,17000000,55534455,38534455
Reign Over Me,20000000,22222308,2222308
The DUFF,8500000,43528634,35028634
Sicko,9000000,24538513,15538513
The Call,13000000,68572378,55572378
Shark Tale,75000000,367275019,292275019
Frequency,31000000,68106245,37106245
The Purge,3000000,89328627,86328627
Small Time Crooks,0,0,0
Boys and Girls,16000000,20627372,4627372
Love & Other Drugs,30000000,102820008,72820008
Horrible Bosses,35000000,209838559,174838559
After the Sunset,60000000,61347797,1347797
We Were Soldiers,75000000,114660784,39660784
The Girl Next Door,21000000,31635150,10635150
Hart's War,70000000,32287044,-37712956
Robot & Frank,2500000,3325038,825038
The Medallion,41000000,0,-41000000
Highway,14000000,0,-14000000
Cradle 2 the Grave,25000000,56489558,31489558
Wordplay,0,0,0
Mean Girls,17000000,129042871,112042871
The Expendables 2,100000000,314975955,214975955
Prom,8000000,10130000,2130000
Veronica Guerin,17000000,9439660,-7560340
Your Sister's Sister,125000,3242802,3117802
Double Take,24000000,31600000,7600000
Remember the Titans,30000000,136706683,106706683
The Sorcerer's Apprentice,150000000,215283742,65283742
Saint John of Las Vegas,3800000,111731,-3688269
The Missing Person,0,17896,17896
The Chronicles of Narnia: Prince Caspian,225000000,419665568,194665568
The White Countess,0,0,0
The Lost Skeleton of Cadavra,0,0,0
Beneath Hill 60,7347125,0,-7347125
H.,0,0,0
Bernie,5000000,9206470,4206470
Eragon,100000000,249288105,149288105
The Bourne Ultimatum,70000000,442824138,372824138
Glitter,22000000,5271666,-16728334
The Homesman,16000000,3442853,-12557147
The Squid and the Whale,1500000,11098131,9598131
Ex Machina,15000000,36869414,21869414
Envy,40000000,0,-40000000
Looney Tunes: Back in Action,80000000,68514844,-11485156
Torque,40000000,46546197,6546197
Blood Ties,25500000,2415472,-23084528
Spanglish,80000000,55041367,-24958633
The Alamo,145000000,25819961,-119180039
What a Girl Wants,20000000,50732139,30732139
Anything Else,0,0,0
Confidence,15000000,23014206,8014206
White House Down,150000000,205366737,55366737
The Haunted Mansion,90000000,182290266,92290266
Waitress,1500000,22240529,20740529
The Aviator,110000000,213700000,103700000
Sydney White,16500000,13620075,-2879925
Quantum of Solace,200000000,589580482,389580482
Olympus Has Fallen,70000000,161025640,91025640
The Tuxedo,60000000,104391623,44391623
Mrs Henderson Presents,0,0,0
Fantastic Four,120000000,167977596,47977596
The One,49000000,72689126,23689126
Mad Max: Fury Road,150000000,378858340,228858340
Dr. Dolittle 2,70000000,176104344,106104344
Safe House,85000000,208076205,123076205
Promised Land,15000000,8138788,-6861212
Our Idiot Brother,5000000,24816118,19816118
Inception,160000000,825532764,665532764
The Mothman Prophecies,32000000,55305279,23305279
Legends of Oz: Dorothy's Return,70000000,18662027,-51337973
Focus,50100000,153962963,103862963
A Fine Step,0,0,0
Two Weeks Notice,60000000,199043242,139043242
Hard Candy,950000,7022209,6072209
What Lies Beneath,100000000,291420351,191420351
House of 1000 Corpses,7000000,17949758,10949758
Without Men,4,0,-4
The Helix... Loaded,0,0,0
Just Looking,3000000,0,-3000000
Joy Ride,23000000,36642838,13642838
One Day,15000000,59389433,44389433
Quills,13500000,7060876,-6439124
Dying of the Light,15000000,0,-15000000
Saving Silverman,22000000,19351569,-2648431
Johnson Family Vacation,12000000,31179516,19179516
May,500000,150277,-349723
All Hat,0,0,0
Agent Cody Banks,28000000,58795814,30795814
Carrie,30000000,82394288,52394288
La fleur du mal,0,0,0
15 Minutes,60000000,56359980,-3640020
In the Cut,12000000,23726793,11726793
สุริโยไท,0,0,0
I Am Sam,22000000,92542418,70542418
The Three Stooges,30000000,54819301,24819301
The Dictator,65000000,179379533,114379533
The Crew,0,0,0
The Real Cancun,7500000,5345083,-2154917
American Splendor,0,6003587,6003587
Session 9,1500000,373967,-1126033
Fabled,0,0,0
Treading Water,4700000,0,-4700000
Pitch Black,23000000,53187659,30187659
Wicked Blood,3500000,0,-3500000
The Chronicles of Riddick,105000000,115772733,10772733
Valentine,10000000,16300000,6300000
The Hebrew Hammer,1000000,0,-1000000
Wonder Boys,35000000,0,-35000000
Cheaper by the Dozen,40000000,190212113,150212113
Secretary,4000000,9304609,5304609
Scooby-Doo 2: Monsters Unleashed,0,181466833,181466833
Salvation Boulevard,5500000,89182,-5410818
Les Invasions barbares,8000000,3432342,-4567658
Stake Land,650000,33245,-616755
Sugar Town,0,0,0
Coriolanus,7700000,1072602,-6627398
Away We Go,17000000,15779455,-1220545
3 Backyards,0,0,0
Foolish,0,6033999,6033999
Whatever Works,15000000,36020534,21020534
Plush,0,0,0
The Animal,22000000,84772742,62772742
The Astronaut's Wife,75000000,19598588,-55401412
House of Sand and Fog,16500000,16942795,442795
Cedar Rapids,0,6861102,6861102
This Is the End,32000000,126041322,94041322
Why Did I Get Married Too?,20000000,60072596,40072596
Battle of the Year,20000000,16549477,-3450523
Pompeii,100000000,117831631,17831631
Letters to God,3000000,0,-3000000
Grown Ups 2,80000000,247022278,167022278
Side Effects,30000000,63372757,33372757
Don McKay,0,0,0
Captain Phillips,55000000,218791811,163791811
Juwanna Mann,15600000,0,-15600000
Saving Face,0,0,0
Los insólitos peces gato,1300000,0,-1300000
Ladder 49,60000000,74541707,14541707
Human Traffic,600000,4000000,3400000
Restoration,0,0,0
Laws of Attraction,28000000,30016165,2016165
Cloudy with a Chance of Meatballs 2,78000000,248384621,170384621
Into the Woods,50000000,212902372,162902372
License to Wed,35000000,69307224,34307224
Hansel & Gretel: Witch Hunters,50000000,226349749,176349749
It's Kind of a Funny Story,8000000,6491240,-1508760
Moneyball,50000000,110206216,60206216
The Conspirator,25000000,15478800,-9521200
The Water Diviner,22500000,15520023,-6979977
Katy Perry: Part of Me,12000000,32726956,20726956
Banshee Chapter,950000,0,-950000
My Soul to Take,25000000,19829957,-5170043
We Are Marshall,65000000,43545364,-21454636
Christmas Mail,0,0,0
Music and Lyrics,40000000,145896422,105896422
Josie and the Pussycats,22000000,0,-22000000
Freakonomics,3000000,103735,-2896265
I Spit on Your Grave,2000000,572809,-1427191
Flipped,14000000,1755212,-12244788
Extraordinary Measures,31000000,15134293,-15865707
Salt,110000000,293329073,183329073
The Expendables,80000000,274470394,194470394
Touching the Void,0,13885802,13885802
The American,20000000,65464324,45464324
The Mechanic,40000000,51070807,11070807
Wild Hogs,0,253625427,253625427
Rabbit Hole,5000000,5132850,132850
Little Boy,20000000,6485961,-13514039
Forget Me Not,1300000,0,-1300000
1408,25000000,132963417,107963417
Fifty Shades of Grey,40000000,571006128,531006128
Resident Evil: Afterlife,60000000,300228084,240228084
Jupiter Ascending,176000003,183987723,7987720
金陵十三釵,94000000,95311434,1311434
Ночной дозор,10000000,50336279,40336279
Another Year,8000000,18124262,10124262
Rotor DR1,350000,0,-350000
Hellboy II: The Golden Army,85000000,160388063,75388063
Wild Card,30000000,0,-30000000
The Yards,0,0,0
Circumstance,0,0,0
Another Happy Day,4000000,355688,-3644312
Inside Out,175000000,857611174,682611174
By the Sea,10000000,3727746,-6272254
Escape from Tomorrow,650,0,-650
Hearts in Atlantis,31000000,24185781,-6814219
剑雨,12000000,0,-12000000
Bad Company,70000000,65977295,-4022705
Point Break,105000000,133718711,28718711
Get Hard,40000000,111811453,71811453
Detention,10000000,0,-10000000
The Count of Monte Cristo,35000000,75395048,40395048
Bandits,75000000,67631903,-7368097
Miss March,6000000,4591629,-1408371
Lucky Break,0,0,0
The Score,68000000,113579918,45579918
Hollywood Homicide,75000000,51142659,-23857341
Iron Man 3,200000000,1214811252,1014811252
Wild Target,8000000,3453043,-4546957
Trance,20000000,24261569,4261569
Oz the Great and Powerful,200000000,491868548,291868548
Argo,44500000,232325503,187825503
Warcraft,160000000,433677183,273677183
G-Force,150000000,292817841,142817841
Tomorrowland,190000000,209154322,19154322
Not Another Teen Movie,16000000,66468332,50468332
The New World,30000000,30536013,536013
Driving Lessons,0,0,0
Halloween: Resurrection,13000000,37664855,24664855
Black Swan,13000000,329398046,316398046
Counting,50000,0,-50000
The Intern,35000000,194564672,159564672
Herbie Fully Loaded,50000000,66002004,16002004
Cheap Thrills,200000,0,-200000
Domestic Disturbance,75000000,54249294,-20750706
Life as a House,18000000,0,-18000000
People I Know,20000000,0,-20000000
Sky High,35000000,86369815,51369815
Red Eye,26000000,57891803,31891803
The Salton Sea,18000000,676698,-17323302
The Work and the Glory,7500000,3347647,-4152353
The In Crowd,15000000,5217498,-9782502
Into the Storm,50000000,160602194,110602194
"Good Night, and Good Luck.",7000000,54600000,47600000
Blended,40000000,127994610,87994610
The Lunchbox,3400000,17240000,13840000
Lake of Fire,0,25,25
When the Game Stands Tall,15000000,30127963,15127963
True Grit,38000000,252276927,214276927
纽约客@上海,0,0,0
Imagine That,55000000,0,-55000000
Micmacs à tire-larigot,33000000,14000000,-19000000
High Crimes,42000000,63781810,21781810
Pixels,88000000,243637091,155637091
The Visit,5000000,98450062,93450062
Stir of Echoes,12000000,21133087,9133087
Underclassman,0,0,0
The Life of David Gale,50000000,38955598,-11044402
The Haunting,80000000,91188905,11188905
Flushed Away,149000000,178120010,29120010
Vanity Fair,23000000,16123851,-6876149
Are We There Yet?,32000000,97918663,65918663
Guess Who,35000000,68915888,33915888
ParaNorman,60000000,107139399,47139399
Must Love Dogs,30000000,58405313,28405313
Kiss the Bride,500000,0,-500000
Joyeux Noël,22000000,17709155,-4290845
Dirty Pretty Things,0,0,0
Get Smart,80000000,230685453,150685453
City Island,6000000,7875862,1875862
Land of the Dead,15000000,46770602,31770602
Baggage Claim,8500000,22456509,13956509
The Adventures of Pluto Nash,100000000,7103973,-92896027
A Scanner Darkly,8700000,7659918,-1040082
Black Nativity,17500000,7018189,-10481811
Daybreakers,20000000,51416464,31416464
"The Goods: Live Hard, Sell Hard",10000000,0,-10000000
Zombieland,23600000,102391540,78791540
The Birth of a Nation,8500000,15861566,7361566
U-571,62000000,127666415,65666415
Stonewall,13500000,187674,-13312326
Horse Camp,0,0,0
Surrogates,80000000,122444772,42444772
Intolerable Cruelty,60000000,119940815,59940815
The Number 23,30000000,77566815,47566815
An American in Hollywood,0,0,0
Hachi: A Dog's Tale,16000000,46749646,30749646
This Is England,2380000,8176544,5796544
Jennifer's Body,16000000,31556061,15556061
Avatar,237000000,2847246203,2610246203
White Noise,10000000,91196419,81196419
The Sweetest Thing,43000000,68696770,25696770
Bulletproof Monk,52000000,37713879,-14286121
Wimbledon,31000000,41512007,10512007
Sexy Beast,5000000,0,-5000000
Girl with a Pearl Earring,0,31466789,31466789
The Losers,25000000,23580000,-1420000
"I, Robot",120000000,347234916,227234916
The Station Agent,500000,8679814,8179814
디 워,32000000,75108998,43108998
Ratatouille,150000000,623726000,473726000
Silent House,2000000,13101672,11101672
Birthday Girl,13000000,0,-13000000
Romeo Must Die,25000000,91036760,66036760
Summer of Sam,22000000,19288130,-2711870
Aberdeen,0,0,0
Fido,8000000,426224,-7573776
Frat Party,0,0,0
This Is Where I Leave You,19800000,41296320,21496320
Payback,90000000,161626121,71626121
Womb,3100000,0,-3100000
Ghostbusters,144000000,229147509,85147509
Final Fantasy: The Spirits Within,137000000,85131830,-51868170
Stigmata,29000000,50041732,21041732
Gamer,50000000,40828540,-9171460
She's All That,10000000,103166989,93166989
The Ides of March,12500000,76338111,63838111
The Ring Two,50000000,161451538,111451538
Gunless,10000000,0,-10000000
My Baby's Daddy,12000000,18490423,6490423
Freaky Friday,26000000,110230332,84230332
Drive Hard,12000000,0,-12000000
The Cry of the Owl,11500000,0,-11500000
Zoolander 2,50000000,55969000,5969000
Reindeer Games,42000000,32168970,-9831030
Two Lovers,9800000,16303643,6503643
The Glass House,30000000,23619609,-6380391
"Food, Inc.",0,0,0
Lost Souls,50000000,31355910,-18644090
The Young and Prodigious T.S. Spivet,33000000,9494789,-23505211
The Limey,10000000,3193102,-6806898
Death at a Funeral,9,8,-1
A Most Wanted Man,15000000,31554855,16554855
Angela's Ashes,50000000,13042112,-36957888
Double Jeopardy,70000000,177841558,107841558
16 Blocks,55000000,65664721,10664721
Deuce Bigalow: Male Gigolo,17000000,65535067,48535067
Aimee & Jaguar,0,0,0
Brigham City,1000000,852206,-147794
What Planet Are You From?,60000000,0,-60000000
"Lovely, Still",0,0,0
No Man's Land: The Rise of Reeker,2000000,0,-2000000
Friday After Next,20000000,33526835,13526835
Rocket Singh: Salesman of the Year,1250000,0,-1250000
War,25000000,40452643,15452643
A Dog's Breakfast,120000,0,-120000
Unfaithful,50000000,119137784,69137784
Eastern Promises,51500000,56106607,4606607
Chicago Overcoat,3200000,0,-3200000
Bachelorette,3000000,11947954,8947954
Beasts of the Southern Wild,1800000,21107746,19307746
Show Me,0,0,0
B-Girl,0,0,0
28 Days,43000000,6219894,-36780106
Down to You,9000000,0,-9000000
"For a Good Time, Call...",850000,1243961,393961
Date Night,55000000,152263880,97263880
Cold Mountain,79000000,173013509,94013509
102 Dalmatians,85000000,183611771,98611771
Foodfight!,65000000,73706,-64926294
Jay and Silent Bob Strike Back,22000000,33788161,11788161
Shame,6500000,3909002,-2590998
Drop Dead Gorgeous,10000000,10571408,571408
Bats,0,10155690,10155690
Inkheart,60000000,62803180,2803180
In the Name of the King: A Dungeon Siege Tale,60000000,0,-60000000
The Sound and the Shadow,0,0,0
Bending Steel,0,0,0
Madagascar: Escape 2 Africa,150000000,603900354,453900354
Sherlock Holmes,90000000,524028679,434028679
Mercy Streets,600000,173599,-426401
ராமானுஜன்,0,0,0
Fast Five,125000000,626137675,501137675
L.I.E.,700000,1667192,967192
The Lizzie McGuire Movie,17000000,55534455,38534455
Reign Over Me,20000000,22222308,2222308
The DUFF,8500000,43528634,35028634
Sicko,9000000,24538513,15538513
The Call,13000000,68572378,55572378
Shark Tale,75000000,367275019,292275019
Frequency,31000000,68106245,37106245
The Purge,3000000,89328627,86328627
Small Time Crooks,0,0,0
Boys and Girls,16000000,20627372,4627372
Love & Other Drugs,30000000,102820008,72820008
Horrible Bosses,35000000,209838559,174838559
After the Sunset,60000000,61347797,1347797
We Were Soldiers,75000000,114660784,39660784
The Girl Next Door,21000000,31635150,10635150
Hart's War,70000000,32287044,-37712956
Robot & Frank,2500000,3325038,825038
The Medallion,41000000,0,-41000000
Highway,14000000,0,-14000000
Cradle 2 the Grave,25000000,56489558,31489558
Wordplay,0,0,0
Mean Girls,17000000,129042871,112042871
The Expendables 2,100000000,314975955,214975955
Prom,8000000,10130000,2130000
Veronica Guerin,17000000,9439660,-7560340
Your Sister's Sister,125000,3242802,3117802
Double Take,24000000,31600000,7600000
Remember the Titans,30000000,136706683,106706683
The Sorcerer's Apprentice,150000000,215283742,65283742
Saint John of Las Vegas,3800000,111731,-3688269
The Missing Person,0,17896,17896
The Chronicles of Narnia: Prince Caspian,225000000,419665568,194665568
The White Countess,0,0,0
The Lost Skeleton of Cadavra,0,0,0
Beneath Hill 60,7347125,0,-7347125
H.,0,0,0
Bernie,5000000,9206470,4206470
Eragon,100000000,249288105,149288105
The Bourne Ultimatum,70000000,442824138,372824138
Glitter,22000000,5271666,-16728334
The Homesman,16000000,3442853,-12557147
The Squid and the Whale,1500000,11098131,9598131
Ex Machina,15000000,36869414,21869414
Envy,40000000,0,-40000000
Looney Tunes: Back in Action,80000000,68514844,-11485156
Torque,40000000,46546197,6546197
Blood Ties,25500000,2415472,-23084528
Spanglish,80000000,55041367,-24958633
The Alamo,145000000,25819961,-119180039
What a Girl Wants,20000000,50732139,30732139
Anything Else,0,0,0
Confidence,15000000,23014206,8014206
White House Down,150000000,205366737,55366737
The Haunted Mansion,90000000,182290266,92290266
Waitress,1500000,22240529,20740529
The Aviator,110000000,213700000,103700000
Sydney White,16500000,13620075,-2879925
Quantum of Solace,200000000,589580482,389580482
Olympus Has Fallen,70000000,161025640,91025640
The Tuxedo,60000000,104391623,44391623
Mrs Henderson Presents,0,0,0
Fantastic Four,120000000,167977596,47977596
The One,49000000,72689126,23689126
Mad Max: Fury Road,150000000,378858340,228858340
Dr. Dolittle 2,70000000,176104344,106104344
Safe House,85000000,208076205,123076205
Promised Land,15000000,8138788,-6861212
Our Idiot Brother,5000000,24816118,19816118
Inception,160000000,825532764,665532764
The Mothman Prophecies,32000000,55305279,23305279
Legends of Oz: Dorothy's Return,70000000,18662027,-51337973
Focus,50100000,153962963,103862963
A Fine Step,0,0,0
Two Weeks Notice,60000000,199043242,139043242
Hard Candy,950000,7022209,6072209
What Lies Beneath,100000000,291420351,191420351
House of 1000 Corpses,7000000,17949758,10949758
Without Men,4,0,-4
The Helix... Loaded,0,0,0
Just Looking,3000000,0,-3000000
Joy Ride,23000000,36642838,13642838
One Day,15000000,59389433,44389433
Quills,13500000,7060876,-6439124
Dying of the Light,15000000,0,-15000000
Saving Silverman,22000000,19351569,-2648431
Johnson Family Vacation,12000000,31179516,19179516
May,500000,150277,-349723
All Hat,0,0,0
Agent Cody Banks,28000000,58795814,30795814
Carrie,30000000,82394288,52394288
La fleur du mal,0,0,0
15 Minutes,60000000,56359980,-3640020
In the Cut,12000000,23726793,11726793
สุริโยไท,0,0,0
I Am Sam,22000000,92542418,70542418
The Three Stooges,30000000,54819301,24819301
The Dictator,65000000,179379533,114379533
The Crew,0,0,0
The Real Cancun,7500000,5345083,-2154917
American Splendor,0,6003587,6003587
Session 9,1500000,373967,-1126033
Fabled,0,0,0
Treading Water,4700000,0,-4700000
Pitch Black,23000000,53187659,30187659
Wicked Blood,3500000,0,-3500000
The Chronicles of Riddick,105000000,115772733,10772733
Valentine,10000000,16300000,6300000
The Hebrew Hammer,1000000,0,-1000000
Wonder Boys,35000000,0,-35000000
Cheaper by the Dozen,40000000,190212113,150212113
Secretary,4000000,9304609,5304609
Scooby-Doo 2: Monsters Unleashed,0,181466833,181466833
Salvation Boulevard,5500000,89182,-5410818
Les Invasions barbares,8000000,3432342,-4567658
Stake Land,650000,33245,-616755
Sugar Town,0,0,0
Coriolanus,7700000,1072602,-6627398
Away We Go,17000000,15779455,-1220545
3 Backyards,0,0,0
Foolish,0,6033999,6033999
Whatever Works,15000000,36020534,21020534
Plush,0,0,0
The Animal,22000000,84772742,62772742
The Astronaut's Wife,75000000,19598588,-55401412
House of Sand and Fog,16500000,16942795,442795
Cedar Rapids,0,6861102,6861102
This Is the End,32000000,126041322,94041322
Why Did I Get Married Too?,20000000,60072596,40072596
Battle of the Year,20000000,16549477,-3450523
Pompeii,100000000,117831631,17831631
Letters to God,3000000,0,-3000000
Grown Ups 2,80000000,247022278,167022278
Side Effects,30000000,63372757,33372757
Don McKay,0,0,0
Captain Phillips,55000000,218791811,163791811
Juwanna Mann,15600000,0,-15600000
Saving Face,0,0,0
Los insólitos peces gato,1300000,0,-1300000
Ladder 49,60000000,74541707,14541707
Human Traffic,600000,4000000,3400000
Restoration,0,0,0
Laws of Attraction,28000000,30016165,2016165
Cloudy with a Chance of Meatballs 2,78000000,248384621,170384621
Into the Woods,50000000,212902372,162902372
License to Wed,35000000,69307224,34307224
Hansel & Gretel: Witch Hunters,50000000,226349749,176349749
It's Kind of a Funny Story,8000000,6491240,-1508760
Moneyball,50000000,110206216,60206216
The Conspirator,25000000,15478800,-9521200
The Water Diviner,22500000,15520023,-6979977
Katy Perry: Part of Me,12000000,32726956,20726956
Banshee Chapter,950000,0,-950000
My Soul to Take,25000000,19829957,-5170043
We Are Marshall,65000000,43545364,-21454636
Christmas Mail,0,0,0
Music and Lyrics,40000000,145896422,105896422
Josie and the Pussycats,22000000,0,-22000000
Freakonomics,3000000,103735,-2896265
I Spit on Your Grave,2000000,572809,-1427191
Flipped,14000000,1755212,-12244788
Extraordinary Measures,31000000,15134293,-15865707
Salt,110000000,293329073,183329073
The Expendables,80000000,274470394,194470394
Touching the Void,0,13885802,13885802
The American,20000000,65464324,45464324
The Mechanic,40000000,51070807,11070807
Wild Hogs,0,253625427,253625427
Rabbit Hole,5000000,5132850,132850
Little Boy,20000000,6485961,-13514039
Forget Me Not,1300000,0,-1300000
1408,25000000,132963417,107963417
Fifty Shades of Grey,40000000,571006128,531006128
Resident Evil: Afterlife,60000000,300228084,240228084
Jupiter Ascending,176000003,183987723,7987720
金陵十三釵,94000000,95311434,1311434
Ночной дозор,10000000,50336279,40336279
Another Year,8000000,18124262,10124262
Rotor DR1,350000,0,-350000
Hellboy II: The Golden Army,85000000,160388063,75388063
Wild Card,30000000,0,-30000000
The Yards,0,0,0
Circumstance,0,0,0
Another Happy Day,4000000,355688,-3644312
Inside Out,175000000,857611174,682611174
By the Sea,10000000,3727746,-6272254
Escape from Tomorrow,650,0,-650
Hearts in Atlantis,31000000,24185781,-6814219
剑雨,12000000,0,-12000000
Bad Company,70000000,65977295,-4022705
Point Break,105000000,133718711,28718711
Get Hard,40000000,111811453,71811453
Detention,10000000,0,-10000000
The Count of Monte Cristo,35000000,75395048,40395048
Bandits,75000000,67631903,-7368097
Miss March,6000000,4591629,-1408371
Lucky Break,0,0,0
The Score,68000000,113579918,45579918
Hollywood Homicide,75000000,51142659,-23857341
Iron Man 3,200000000,1214811252,1014811252
Wild Target,8000000,3453043,-4546957
Trance,20000000,24261569,4261569
Oz the Great and Powerful,200000000,491868548,291868548
Argo,44500000,232325503,187825503
Warcraft,160000000,433677183,273677183
G-Force,150000000,292817841,142817841
Tomorrowland,190000000,209154322,19154322
Not Another Teen Movie,16000000,66468332,50468332
The New World,30000000,30536013,536013
Driving Lessons,0,0,0
Halloween: Resurrection,13000000,37664855,24664855
Black Swan,13000000,329398046,316398046
Counting,50000,0,-50000
The Intern,35000000,194564672,159564672
Herbie Fully Loaded,50000000,66002004,16002004
Cheap Thrills,200000,0,-200000
Domestic Disturbance,75000000,54249294,-20750706
Life as a House,18000000,0,-18000000
People I Know,20000000,0,-20000000
Sky High,35000000,86369815,51369815
Red Eye,26000000,57891803,31891803
The Salton Sea,18000000,676698,-17323302
The Work and the Glory,7500000,3347647,-4152353
The In Crowd,15000000,5217498,-9782502
Into the Storm,50000000,160602194,110602194
"Good Night, and Good Luck.",7000000,54600000,47600000
Blended,40000000,127994610,87994610
The Lunchbox,3400000,17240000,13840000
Lake of Fire,0,25,25
When the Game Stands Tall,15000000,30127963,15127963
True Grit,38000000,252276927,214276927
纽约客@上海,0,0,0
Imagine That,55000000,0,-55000000
Micmacs à tire-larigot,33000000,14000000,-19000000
High Crimes,42000000,63781810,21781810
Pixels,88000000,243637091,155637091
The Visit,5000000,98450062,93450062
Stir of Echoes,12000000,21133087,9133087
Underclassman,0,0,0
The Life of David Gale,50000000,38955598,-11044402
The Haunting,80000000,91188905,11188905
Flushed Away,149000000,178120010,29120010
Vanity Fair,23000000,16123851,-6876149
Are We There Yet?,32000000,97918663,65918663
Guess Who,35000000,68915888,33915888
ParaNorman,60000000,107139399,47139399
Must Love Dogs,30000000,58405313,28405313
Kiss the Bride,500000,0,-500000
Joyeux Noël,22000000,17709155,-4290845
Dirty Pretty Things,0,0,0
Get Smart,80000000,230685453,150685453
City Island,6000000,7875862,1875862
Land of the Dead,15000000,46770602,31770602
Baggage Claim,8500000,22456509,13956509
The Adventures of Pluto Nash,100000000,7103973,-92896027
A Scanner Darkly,8700000,7659918,-1040082
Black Nativity,17500000,7018189,-10481811
Daybreakers,20000000,51416464,31416464
"The Goods: Live Hard, Sell Hard",10000000,0,-10000000
Zombieland,23600000,102391540,78791540
The Birth of a Nation,8500000,15861566,7361566
U-571,62000000,127666415,65666415
Stonewall,13500000,187674,-13312326
Horse Camp,0,0,0
Surrogates,80000000,122444772,42444772
Intolerable Cruelty,60000000,119940815,59940815
The Number 23,30000000,77566815,47566815
An American in Hollywood,0,0,0
Hachi: A Dog's Tale,16000000,46749646,30749646
This Is England,2380000,8176544,5796544
Jennifer's Body,16000000,31556061,15556061
Avatar,237000000,2847246203,2610246203
White Noise,10000000,91196419,81196419
The Sweetest Thing,43000000,68696770,25696770
Bulletproof Monk,52000000,37713879,-14286121
Wimbledon,31000000,41512007,10512007
Sexy Beast,5000000,0,-5000000
Girl with a Pearl Earring,0,31466789,31466789
The End of the Affair,23000000,10827816,-12172184
The SpongeBob SquarePants Movie,30000000,140161792,110161792
Silent Hill: Revelation 3D,20000000,52302796,32302796
Cabin Fever,0,0,0
Flight of the Phoenix,45000000,21009180,-23990820
The Boy Next Door,4000000,52425855,48425855
The Prince,18000000,0,-18000000
Go for It!,2450000,0,-2450000
Snow Dogs,35000000,81000000,46000000
Palo Alto,0,919591,919591
Hatchet,1500000,208550,-1291450
Dom Hemingway,0,523511,523511
No Escape,5000000,54418872,49418872
Saw V,10800000,113857533,103057533
Un monstre à Paris,25000000,0,-25000000
Super Hybrid,13000000,0,-13000000
Chernobyl Diaries,0,18112929,18112929
Mientras duermes,5000000,0,-5000000
Into the Blue,50000000,44434439,-5565561
Hercules,85000000,252712101,167712101
Case 39,27000000,29000000,2000000
The Horror Network Vol. 1,0,0,0
Queen of the Damned,35000000,45479110,10479110
Proof of Life,65000000,0,-65000000
Margaret,14000000,46495,-13953505
Open Road,3000000,0,-3000000
Blade II,54000000,155010032,101010032
Daddy's Home,50000000,242786137,192786137
Wolves,18000000,0,-18000000
Battleship,209000000,303025485,94025485
The World Is Not Enough,135000000,361832400,226832400
Hesher,7000000,449702,-6550298
Things We Lost in the Fire,16000000,2849142,-13150858
Blade: Trinity,65000000,128905366,63905366
Spun,2000000,0,-2000000
Molly,21000000,0,-21000000
Just Married,18000000,101564935,83564935
Fight to the Finish,0,0,0
I'm Not There,20000000,4001121,-15998879
The Pink Panther,65000000,158851357,93851357
The Grandmaster,3860000,64076736,60216736
Windtalkers,115000000,77628265,-37371735
Listening,0,0,0
It's All Gone Pete Tong,2000000,120620,-1879380
Snowpiercer,39200000,86758912,47558912
Body of Lies,70000000,113280098,43280098
Solitary Man,15000000,5024782,-9975218
Instinct,80000000,0,-80000000
Say It Isn't So,25000000,12320393,-12679607
Rango,135000000,245724603,110724603
The Brothers,0,0,0
Step Brothers,65000000,128107642,63107642
Alone in the Dark,20000000,12693645,-7306355
Desert Dancer,0,0,0
White Chicks,37000000,113086475,76086475
The Hurt Locker,15000000,49230772,34230772
The Wrestler,6000000,44703995,38703995
For Colored Girls,0,37000000,37000000
Trust,9500000,120000,-9380000
Nick and Norah's Infinite Playlist,9000000,33556631,24556631
The Wendell Baker Story,0,0,0
Pathology,8000000,0,-8000000
Edge of Darkness,80000000,81126522,1126522
Rockaway,0,0,0
The Story of Us,50000000,58900031,8900031
300: Rise of an Empire,110000000,337580051,227580051
Secret in Their Eyes,19500000,34854990,15354990
Inside Deep Throat,2000000,653621,-1346379
Географ глобус пропил,0,4037782,4037782
The Oxford Murders,14100000,0,-14100000
Монгол,18000000,26527510,8527510
Shotgun Stories,0,0,0
The Amazing Spider-Man 2,200000000,708962323,508962323
The Big Tease,0,0,0
Spy Kids 3-D: Game Over,38000000,197011982,159011982
Mean Creek,500000,603943,103943
Catch That Kid,18000000,16702864,-1297136
The Transporter,21000000,43928932,22928932
Hands of Stone,20000000,0,-20000000
The Book of Eli,80000000,157107755,77107755
Blow,53000000,83282296,30282296
Contraband,25000000,96262212,71262212
TRON: Legacy,170000000,400062763,230062763
Joy,60000000,101134059,41134059
Playing for Keeps,35000000,0,-35000000
Revolutionary Road,35000000,75981180,40981180
The Lucky One,25000000,99357138,74357138
Delgo,40000000,694782,-39305218
Trade,12000000,0,-12000000
Super,2500000,324138,-2175862
Hotel Transylvania 2,80000000,473226958,393226958
Race,5000000,24804129,19804129
Oceans,0,19406406,19406406
Beyond the Lights,7000000,14618727,7618727
The Smurfs 2,105000000,347434178,242434178
Redbelt,7000000,0,-7000000
Me and Orson Welles,25000000,2336172,-22663828
Serbuan maut,1100000,4105187,3005187
Miracle at St. Anna,45000000,9323833,-35676167
The Cold Light of Day,20000000,16863583,-3136417
The Campaign,95000000,104907746,9907746
Unnatural,3000000,0,-3000000
Scream 3,40000000,161834276,121834276
Cirque du Soleil: Worlds Away,0,34153101,34153101
The Kid,65000000,69700000,4700000
वीर-ज़ारा,7000000,29385320,22385320
Scary Movie 4,45000000,178262620,133262620
Scary Movie 5,20000000,78378744,58378744
Only God Forgives,4800000,10337387,5537387
The Magic Flute,0,0,0
All or Nothing,9000000,0,-9000000
Roadside Romeo,7000000,1100000,-5900000
Bait,30000000,32500000,2500000
Robin Hood,200000000,321669741,121669741
The Hangover Part II,80000000,586764305,506764305
Letters to Juliet,30000000,82148538,52148538
Batman v Superman: Dawn of Justice,250000000,873634919,623634919
Rock Star,57000000,16991902,-40008098
In Dreams,30000000,12017369,-17982631
Charlie's Angels,92000000,264105545,172105545
Atonement,30000000,131016624,101016624
The Kingdom,70000000,86658558,16658558
The Dead Undead,0,0,0
The Fighter,25000000,93617009,68617009
Casino Jack,12500000,1083683,-11416317
Florence Foster Jenkins,29000000,48902953,19902953
Play It to the Bone,24000000,8434146,-15565854
Shall We Dance?,50000000,170128460,120128460
A Serious Man,7000000,31430334,24430334
The Road,32000000,27635305,-4364695
That Awkward Moment,8000000,45640143,37640143
But I'm a Cheerleader,1200000,2600000,1400000
Non-Stop,50000000,222809600,172809600
Code of Honor,8000000,0,-8000000
Osmosis Jones,75000000,13596911,-61403089
Freeze Frame,0,0,0
疯狂的石头,0,0,0
Give Me Shelter,0,0,0
Locker 13,0,0,0
Hamlet 2,9000000,4886216,-4113784
The Big Bounce,50000000,6808550,-43191450
Funny People,75000000,71585235,-3414765
Enough Said,0,25288872,25288872
Soul Plane,16000000,14822346,-1177654
Crop Circles: Quest for Truth,750000,0,-750000
Aliens in the Attic,45000000,57881056,12881056
The Omega Code,0,2400000,2400000
Gun Shy,10000000,1631839,-8368161
The Game of Their Lives,0,0,0
Pan,150000000,128388320,-21611680
The Brown Bunny,10000000,365734,-9634266
30 Days of Night,30000000,75505973,45505973
Hits,1000000,0,-1000000
Elizabeth: The Golden Age,55000000,74237563,19237563
Enchanted,85000000,340487652,255487652
The Legend of Tarzan,180000000,356743061,176743061
An Everlasting Piece,0,0,0
Anonymous,30000000,15395087,-14604913
Panic Room,48000000,197079546,149079546
Be Cool,53000000,95226116,42226116
The Machinist,5000000,8203235,3203235
Alvin and the Chipmunks: The Road Chip,90000000,233755553,143755553
Take the Lead,30000000,65742992,35742992
Serving Sara,29000000,16930185,-12069815
Checkmate,0,0,0
Swept Away,10000000,598645,-9401355
Parker,35000000,46216641,11216641
Ant-Man,130000000,519311965,389311965
Stolen,35000000,2106557,-32893443
Keeping Up with the Steins,0,0,0
SPACE BATTLESHIP ヤマト,12000000,11212294,-787706
Shark Lake,2000000,0,-2000000
Chacun sa nuit,0,0,0
Machine Gun Preacher,30000000,2527904,-27472096
Jindabyne,0,0,0
Running Forever,5000000,0,-5000000
Across the Universe,45000000,29625761,-15374239
Ride Along,25000000,153997819,128997819
The Hole,0,0,0
Adore,16000000,1575749,-14424251
Trippin',0,9016377,9016377
Southland Tales,17000000,374743,-16625257
Four Lions,967686,4658570,3690884
Abandoned,0,0,0
Indignation,0,3924527,3924527
Dawn of the Planet of the Apes,170000000,710644566,540644566
Nicholas Nickleby,0,0,0
Supercapitalist,500000,15919,-484081
"Nannerl, la soeur de Mozart",0,0,0
The 5th Wave,38000000,109906372,71906372
Annabelle,6500000,257047661,250547661
Eden,0,65460,65460
A escondidas,0,0,0
Runaway Bride,70000000,309457509,239457509
Orphan,20000000,77912251,57912251
American Hustle,40000000,251171807,211171807
Diary of the Dead,2000000,5364858,3364858
They Will Have to Kill Us First,522360,0,-522360
Brave,185000000,538983207,353983207
Survival of the Dead,4000000,0,-4000000
The Invasion,80000000,15071514,-64928486
Max Payne,35000000,85416905,50416905
Anderson's Cross,300000,0,-300000
BloodRayne,25000000,3650275,-21349725
In the Land of Women,10000000,17500000,7500000
Brooklyn Rules,8000000,458232,-7541768
Resurrecting the Champ,0,0,0
The Life Before Her Eyes,8000000,0,-8000000
The Shallows,17000000,119100758,102100758
How to Lose Friends & Alienate People,27000000,17286299,-9713701
The Raven,26000000,29657751,3657751
Inside Llewyn Davis,11000000,32935319,21935319
Dark Blue,15000000,9237470,-5762530
Confessions of a Dangerous Mind,30000000,33013805,3013805
Noah,125000000,362637473,237637473
Amour,8900000,29844753,20944753
Seven Psychopaths,15000000,33035736,18035736
Super 8,50000000,260095986,210095986
The Bridge of San Luis Rey,0,0,0
The Curious Case of Benjamin Button,150000000,333932083,183932083
I Dreamed of Africa,34000000,14400327,-19599673
Teeth,2000000,2340110,340110
ハウルの動く城,24000000,236049757,212049757
Leatherheads,58000000,41299492,-16700508
Burn After Reading,37000000,163720069,126720069
Christmas Eve,0,0,0
Ouija,5000000,103590271,98590271
The Muse,0,0,0
Be Kind Rewind,20000000,30600000,10600000
Skyfall,200000000,1108561013,908561013
The Legend of Bagger Vance,80000000,39459427,-40540573
"Synecdoche, New York",21000000,0,-21000000
Secondhand Lions,0,0,0
Impostor,40000000,8694320,-31305680
Aqua Teen Hunger Force Colon Movie Film for Theaters,0,0,0
Keeping the Faith,30000000,59945183,29945183
Easy A,8000000,75026327,67026327
Kites,0,0,0
All the Pretty Horses,57000000,0,-57000000
American Gangster,100000000,266465037,166465037
Watchmen,130000000,185258983,55258983
Bangkok Dangerous,45000000,42487390,-2512610
Wonderland,5000000,2466444,-2533556
Holy Motors,4000000,641100,-3358900
Gran Torino,33000000,269958228,236958228
The Gatekeepers,0,0,0
Vicky Cristina Barcelona,15000000,96408652,81408652
Left Behind,16000000,19682924,3682924
Guiana 1838,0,0,0
Knight and Day,117000000,261930431,144930431
Sabotage,35000000,22126842,-12873158
Severance,0,0,0
Admission,13000000,18637201,5637201
लगे रहो मुन्ना भाई,1800000,31517561,29717561
Faith Like Potatoes,597966,0,-597966
Sky Captain and the World of Tomorrow,70000000,57958696,-12041304
Tupac: Resurrection,300000,7808524,7508524
The Immigrant,16000000,5867686,-10132314
Harold & Kumar Escape from Guantanamo Bay,12000000,43493123,31493123
Dirty Grandpa,11500000,94073028,82573028
MacGruber,10000000,9322895,-677105
The Astronaut Farmer,13000000,11130889,-1869111
Big Eyes,10000000,28883511,18883511
Rush Hour 3,140000000,258022233,118022233
Rush Hour 2,90000000,347325802,257325802
3:10 to Yuma,55000000,70016220,15016220
Made in Dagenham,7200000,12629471,5429471
A Mighty Wind,6000000,18750246,12750246
Jason Bourne,120000000,415484914,295484914
Terminator Genisys,155000000,440603537,285603537
Charlie St. Cloud,44000000,48190704,4190704
Loin des hommes,7700000,0,-7700000
Ice Princess,25000000,27645491,2645491
Immortals,75000000,226904017,151904017
Righteous Kill,60000000,79498846,19498846
Hedwig and the Angry Inch,0,0,0
Rio,90000000,484635760,394635760
Angels & Demons,150000000,485930816,335930816
天將雄師,65000000,121545703,56545703
Doomsday,30000000,22472631,-7527369
Exeter,0,0,0
August: Osage County,25000000,74188937,49188937
Star Trek,150000000,385680446,235680446
Win a Date with Tad Hamilton!,17000000,16980098,-19902
La migliore offerta,13500000,19255873,5755873
The Devil's Double,19100000,5728213,-13371787
Megamind,130000000,321885765,191885765
All Is Lost,9000000,6108720,-2891280
Rust,0,0,0
The Last Godfather,13400000,16700000,3300000
Awake,86000000,14373825,-71626175
Arn: Tempelriddaren,25000000,0,-25000000
Tammy,20000000,100525432,80525432
The Monuments Men,70000000,154984035,84984035
American Outlaws,35000000,13678913,-21321087
R100,5500000,0,-5500000
The Good Night,15000000,508084,-14491916
Who Killed the Electric Car?,1000000,1678874,678874
Maniac,6000000,31081,-5968919
Eden Lake,12850990,3984669,-8866321
Mirrors,35000000,72436439,37436439
Slacker Uprising,0,0,0
Just Wright,0,21520719,21520719
Fuel,0,0,0
2 Guns,61000000,131940411,70940411
Sex Drive,19000000,18755936,-244064
I Don't Know How She Does It,24000000,31410151,7410151
Songcatcher,0,0,0
Snabba cash,0,0,0
City by the Sea,40000000,22433915,-17566085
Here on Earth,15000000,10873148,-4126852
Beastly,17000000,43202283,26202283
The Hunting Party,0,7644409,7644409
Justin Bieber: Never Say Never,13000000,98441954,85441954
The Brothers Bloom,20000000,5530764,-14469236
Bright Star,10000000,0,-10000000
Weekend,120000,484592,364592
Eat Pray Love,60000000,204594016,144594016
My Best Friend's Girl,20000000,41624687,21624687
Kickboxer: Vengeance,17000000,0,-17000000
The Purge: Election Year,10000000,118587880,108587880
High School Musical 2,0,7000000,7000000
Topsy-Turvy,0,0,0
Let's Be Cops,17000000,136621271,119621271
Christmas with the Kranks,60000000,0,-60000000
Colombiana,40000000,60965854,20965854
Dolphin Tale,37000000,95404397,58404397
New Year's Eve,56000000,142044638,86044638
Peaceful Warrior,0,0,0
Riddick,38000000,98337295,60337295
Forty Shades of Blue,1500000,0,-1500000
That's My Boy,70000000,58058367,-11941633
Dope,700000,17986781,17286781
Big Hero 6,165000000,657827828,492827828
Your Highness,49900000,28013733,-21886267
I Hope They Serve Beer in Hell,7000000,1429299,-5570701
Priest,60000000,78309131,18309131
Akeelah and the Bee,8000000,18948425,10948425
Aloft,8000000,53086,-7946914
Phat Girlz,3000000,7301115,4301115
I Am Number Four,50000000,149878437,99878437
The East,6500000,2401510,-4098490
Flight,31000000,161772375,130772375
Morning Glory,40000000,60040976,20040976
The Last Exorcism,1800000,67738090,65938090
Fair Game,22000000,25806953,3806953
Grown Ups,80000000,271430189,191430189
放‧逐,4800000,0,-4800000
Knowing,50000000,155446362,105446362
Quarantine,12000000,40855419,28855419
Teeth and Blood,300000,0,-300000
Small Apartments,2000000,0,-2000000
The Big Wedding,35000000,21819348,-13180652
The Cottage,0,0,0
दम मारो दम,4800000,8400000,3600000
Love the Coopers,17000000,42426912,25426912
Ondine,12000000,1790061,-10209939
دایره,0,0,0
Control,0,8159508,8159508
London Has Fallen,60000000,205754447,145754447
Need for Speed,66000000,203277636,137277636
Radio,35000000,53293628,18293628
The Great Raid,80000000,10166502,-69833498
Real Women Have Curves,3000000,7700000,4700000
All About the Benjamins,14000000,25482931,11482931
Baghead,0,140106,140106
Still Alice,5000000,43884652,38884652
Speedway Junky,1000000,0,-1000000
ATL,20000000,21170563,1170563
Top Five,0,25434291,25434291
Fetching Cody,1,0,-1
Ironclad,25000000,5151023,-19848977
Gone Girl,61000000,369330363,308330363
The BFG,140000000,195243411,55243411
Finishing the Game: The Search for a New Bruce Lee,500000,52868,-447132
College,7000000,6230276,-769724
Bottle Shock,5000000,4040588,-959412
Marmaduke,50000000,83761844,33761844
The Sentinel,60000000,78810595,18810595
Mr. Church,8000000,0,-8000000
Flicka,15000000,21000000,6000000
The Hammer,0,0,0
Raise Your Voice,15000000,14867514,-132486
Nancy Drew,0,0,0
The Great Debaters,15000000,30226144,15226144
Man on Wire,0,2957978,2957978
Four Single Fathers,3,0,-3
Trust the Man,9000000,0,-9000000
Ride with the Devil,35000000,635096,-34364904
Addicted,0,0,0
Here Comes the Boom,0,73100172,73100172
Into the Wild,15000000,56255142,41255142
Auto Focus,7000000,2062066,-4937934
You Got Served,0,0,0
The Darkest Hour,30000000,64626786,34626786
The Poker House,1000000,0,-1000000
Daddy Day Camp,6000000,18197398,12197398
Muppets Most Wanted,50000000,80383290,30383290
Baby Geniuses,12000000,36450736,24450736
Impact Point,0,0,0
Up,175000000,735099082,560099082
2012,200000000,791217826,591217826
The Lovers,27000000,0,-27000000
Tumbleweeds,312000,1281176,969176
Ta Ra Rum Pum,0,0,0
Gulliver's Travels,112000000,237382724,125382724
Boiler Room,7000000,28780255,21780255
Tangled,260000000,592461732,332461732
Aquamarine,12000000,23006849,11006849
The Painted Veil,19400000,26910847,7510847
Dinner for Schmucks,69000000,86387857,17387857
American Reunion,50000000,234989584,184989584
The Good Thief,0,0,0
十月圍城,23000000,5837674,-17162326
Sorority Boys,12000000,0,-12000000
Elsa & Fred,10000000,0,-10000000
Strange Wilderness,0,6575282,6575282
Blue Car,1000000,464000,-536000
Shanghai Knights,50000000,88323487,38323487
Edge of Tomorrow,178000000,370541256,192541256
The Mexican,57000000,147845033,90845033
Ramona and Beezus,15000000,27293743,12293743
A Walk Among the Tombstones,28000000,53181600,25181600
The Second Best Exotic Marigold Hotel,10000000,85978266,75978266
Better Luck Tomorrow,0,0,0
Miracle,28000000,64445708,36445708
Marley & Me,60000000,242717113,182717113
Sparkle,14000000,24637469,10637469
The Wild Thornberrys Movie,35000000,0,-35000000
Never Again,0,0,0
Virgin Territory,38000000,5410749,-32589251
The Express,40000000,9793496,-30206504
What's Your Number?,20000000,30426096,10426096
The Iron Lady,13000000,115890699,102890699
Mad Hot Ballroom,0,0,0
Doubt,20000000,50907234,30907234
The Yellow Handkerchief,15000000,317000,-14683000
Short Cut to Nirvana: Kumbh Mela,0,0,0
Beginners,3200000,14311701,11111701
Ricordati di me,0,0,0
कभी अलविदा ना कहना,7400000,17000000,9600000
The Broken Hearts Club: A Romantic Comedy,1000000,1744858,744858
Beverly Hills Chihuahua,20000000,149281606,129281606
The Perfect Wave,0,0,0
I Think I Love My Wife,11000000,13196245,2196245
My Bloody Valentine,15000000,102836002,87836002
Winter's Tale,60000000,30800231,-29199769
Coyote Ugly,45000000,113916474,68916474
The Oh in Ohio,5000000,648183,-4351817
For Greater Glory: The True Story of Cristiada,12000000,9622846,-2377154
Do You Believe?,0,0,0
Straight A's,2000000,0,-2000000
New in Town,8000000,29010817,21010817
Jack and Jill,79000000,149673788,70673788
The Deep End of the Ocean,38000000,28121100,-9878900
Outside Providence,7000000,7292175,292175
Passchendaele,0,0,0
Taken 3,48000000,325771424,277771424
Whiteout,40000000,17976667,-22023333
Cloudy with a Chance of Meatballs,100000000,242988466,142988466
See Spot Run,0,0,0
Whip It,15000000,16633035,1633035
Three Kings,75000000,108000000,33000000
Partition,0,0,0
Law Abiding Citizen,53000000,126690726,73690726
Saw VI,11000000,68233629,57233629
Motherhood,5000000,726936,-4273064
Welcome to the Rileys,0,361960,361960
Thunderbirds,57000000,28283637,-28716363
The Boondock Saints II: All Saints Day,8000000,10629321,2629321
Racing Stripes,30000000,90754475,60754475
The Shipping News,38000000,24690441,-13309559
The Box,30000000,33333531,3333531
The Fourth Kind,10000000,47709193,37709193
Somewhere,8000000,0,-8000000
The Oogieloves in the Big Balloon Adventure,0,0,0
The Lords of Salem,1500000,1165882,-334118
The Neon Demon,7000000,3377430,-3622570
Safe Haven,28000000,97594140,69594140
Alvin and the Chipmunks,60000000,361366633,301366633
Beyond the Sea,25000000,8400000,-16600000
인천상륙작전,12700000,49196532,36496532
I Am Legend,150000000,585410052,435410052
Real Steel,110000000,299268508,189268508
Indie Game: The Movie,0,0,0
Legion,26000000,67918658,41918658
The Dukes of Hazzard,50000000,110803676,60803676
Dutch Kills,0,0,0
Takers,32000000,69055695,37055695
The Adventurer: The Curse of the Midas Box,25000000,6399,-24993601
Project Almanac,12000000,33213241,21213241
02:13,3500000,0,-3500000
El orfanato,3400000,78638987,75238987
Superbabies: Baby Geniuses 2,0,9109322,9109322
風暴,0,0,0
Ender's Game,110000000,125537191,15537191
Dolphin Tale 2,36000000,52424533,16424533
27 Dresses,30000000,160259319,130259319
Up in the Air,25000000,166842739,141842739
Old Dogs,35000000,96753696,61753696
Good Dick,0,0,0
A Better Life,10000000,1759252,-8240748
Ted,50000000,549368315,499368315
Invictus,60000000,122426792,62426792
Legend,25000000,42972994,17972994
Walk Hard: The Dewey Cox Story,35000000,18317151,-16682849
The Cabin in the Woods,30000000,71041255,41041255
I Come with the Rain,18000000,0,-18000000
Soul Kitchen,4000000,18164139,14164139
The Nut Job,42000000,122529966,80529966
For Your Consideration,12000000,5542025,-6457975
Rush,38000000,90247624,52247624
Anna Karenina,0,68929150,68929150
Lars and the Real Girl,12000000,11293663,-706337
Final Destination 5,47000000,157887643,110887643
Le Petit Nicolas,22700000,62794894,40094894
Compadres,3000000,0,-3000000
Water for Elephants,38000000,117094902,79094902
Not Easily Broken,0,0,0
Tiny Furniture,65000,416498,351498
Airlift,4500000,32000000,27500000
Chasing Liberty,23000000,12195626,-10804374
World War Z,200000000,531865000,331865000
From Justin to Kelly,12000000,4922166,-7077834
G.I. Joe: The Rise of Cobra,175000000,302469017,127469017
Little Fockers,100000000,310650585,210650585
The Invention of Lying,18500000,32406507,13906507
Secretariat,35000000,60321861,25321861
Flash of Genius,0,0,0
Felicia's Journey,0,0,0
Some Guy Who Kills People,300000,0,-300000
RED,58000000,71664962,13664962
Into the Grizzly Maze,10000000,0,-10000000
Contagion,60000000,137551594,77551594
逃出生天,0,0,0
Hot Pursuit,35000000,51680201,16680201
The Town,37000000,154026136,117026136
Rachel Getting Married,0,16937968,16937968
Remember Me,16000000,56032889,40032889
The Spy Next Door,28000000,66166000,38166000
The Peanuts Movie,99000000,246233113,147233113
Praia do Futuro,0,0,0
22 Jump Street,50000000,188441614,138441614
Zathura: A Space Adventure,65000000,65079104,79104
Pound of Flesh,7500000,163080,-7336920
One Night with the King,20000000,13391174,-6608826
Wah-Wah,0,0,0
A Thousand Words,40000000,22044277,-17955723
Blonde Ambition,10000000,0,-10000000
Journey to the Center of the Earth,45000000,101702060,56702060
Rudderless,5000000,58293,-4941707
Clockstoppers,26000000,38793283,12793283
The Boxtrolls,60000000,108255770,48255770
Rock of Ages,75000000,59418613,-15581387
Minions,74000000,1156730962,1082730962
Failure to Launch,50000000,128406887,78406887
Victor Frankenstein,40000000,34227298,-5772702
Extreme Ops,40000000,10959475,-29040525
Red Tails,58000000,50365377,-7634623
Crank: High Voltage,20000000,34560577,14560577
Bang Bang Baby,1000000,0,-1000000
Moms' Night Out,5000000,10429707,5429707
One Missed Call,20000,26890,6890
The Last Exorcism Part II,5000000,15179302,10179302
The Village,60000000,256697520,196697520
곡성,10951000,49851770,38900770
The Wedding Date,15000000,47175038,32175038
Fury,68000000,211817906,143817906
Australia,130000000,211787511,81787511
In the Valley of Elah,23000000,29541790,6541790
Independence Day: Resurgence,165000000,389681935,224681935
Delivery Man,26000000,51164106,25164106
No Country for Old Men,25000000,171627166,146627166
Home,135000000,368871007,233871007
Full Frontal,2000000,2506446,506446
Hotel for Dogs,35000000,117000198,82000198
Journey 2: The Mysterious Island,79000000,355692760,276692760
Bathory,17610801,7005528,-10605273
The Longest Ride,34000000,63013281,29013281
G.I. Joe: Retaliation,130000000,371876278,241876278
The Expendables 3,90000000,206172544,116172544
The Vow,30000000,196114570,166114570
Paranormal Activity 3,5000000,207039844,202039844
The Best Man Holiday,17000000,71625195,54625195
De-Lovely,20000000,0,-20000000
200 Cigarettes,6000000,6852450,852450
Black Mass,53000000,98837872,45837872
Les Petits Mouchoirs,25000000,48531470,23531470
Street Fighter: The Legend of Chun-Li,50000000,12764201,-37235799
Clean,0,0,0
The Book of Life,50000000,97437106,47437106
No se Aceptan Devoluciones,5500000,99067206,93567206
Witless Protection,0,0,0
The Host,44000000,63327201,19327201
Neighbors,18000000,270665134,252665134
Unknown,30000000,130786397,100786397
The Skeleton Twins,0,5284309,5284309
The Rite,37000000,96047633,59047633
Coach Carter,30000000,76669806,46669806
Song One,6000000,32251,-5967749
Whiplash,3300000,13092000,9792000
The Punisher,33000000,54700105,21700105
The Original Kings of Comedy,13000000,38251106,25251106
Criminal,31500000,14708696,-16791304
Machete,20000000,44093316,24093316
The Place Beyond the Pines,15000000,35485608,20485608
The Fifth Estate,28000000,8555008,-19444992
Under the Skin,13300000,5735963,-7564037
A Dangerous Method,15000000,27462041,12462041
Meet the Spartans,30000000,84646831,54646831
Duplex,40000000,19322135,-20677865
Repo Men,32000000,18409891,-13590109
Snow Day,130000000,62500000,-67500000
Equilibrium,20000000,5359645,-14640355
Lonesome Jim,0,0,0
Maid in Manhattan,55000000,154906693,99906693
Running Scared,17000000,9500000,-7500000
The Man with the Iron Fists,15000000,15608545,608545
The Pirates Who Don't Do Anything: A VeggieTales Movie,0,0,0
All About Steve,15000000,40105542,25105542
Juno,7500000,231411584,223911584
In Her Line of Fire,1000000,0,-1000000
The Rage: Carrie 2,21000000,17762705,-3237295
47 Ronin,175000000,150962475,-24037525
Killing Them Softly,15000000,37930465,22930465
Drive,15000000,78054825,63054825
Tropa de Elite,4000000,14759148,10759148
The Bucket List,45000000,175372502,130372502
City of Ghosts,0,0,0
Sahara,130000000,119269486,-10730514
Western Religion,0,0,0
Sanctum,30,108609310,108609280
Spring Breakers,5000000,31724284,26724284
Darling Companion,0,1157257,1157257
"The Book of Mormon Movie, Volume 1: The Journey",2000000,1672730,-327270
Conversations with Other Women,450000,973525,523525
Inherent Vice,20000000,14710975,-5289025
Brothers,26000000,43318349,17318349
Tropic Thunder,92000000,195702811,103702811
The Perfect Game,12500000,3878993,-8621007
The Sessions,1000000,9138338,8138338
The Hitchhiker's Guide to the Galaxy,50000000,104478416,54478416
The Perfect Man,0,0,0
Vantage Point,40000000,151161491,111161491
Grudge Match,40000000,44907260,4907260
Que Horas Ela Volta?,0,0,0
Homefront,22000000,43058898,21058898
And So It Goes,18000000,25312387,7312387
Madea Goes to Jail,0,90508336,90508336
Please Give,3000000,0,-3000000
Connie and Carla,20000000,11341016,-8658984
Shooter,61000000,95696996,34696996
Animals,0,0,0
非常幸运,0,0,0
Her Cry: La Llorona Investigation,5000,0,-5000
Opal Dream,5000000,140666,-4859334
Running with Scissors,12000000,6754898,-5245102
Idiocracy,30000000,495303,-29504697
फ़िज़ा,1000000,623791,-376209
Latter Days,850000,819939,-30061
Zero Dark Thirty,40000000,132820716,92820716
Housebound,0,0,0
Come Early Morning,6000000,0,-6000000
The Libertine,0,0,0
Pete's Dragon,65000000,143695338,78695338
Made,5000000,5476060,476060
Waiting...,3000000,18637690,15637690
Fun with Dick and Jane,100000000,202026112,102026112
Black or White,9000000,21571189,12571189
Red State,4000000,1104682,-2895318
Don Jon,3000000,0,-3000000
The Twilight Saga: Eclipse,68000000,698491347,630491347
American Desi,250000,0,-250000
Pitch Perfect,17000000,115400000,98400000
Northfork,0,0,0
A Lonely Place to Die,4000000,25345000,21345000
"Happy, Texas",1700000,1943649,243649
Mumford,0,0,0
Cradle Will Rock,0,0,0
The Little Vampire,35000000,27965865,-7034135
Town & Country,90000000,10372291,-79627709
8 Days,25000000,0,-25000000
Resident Evil: Extinction,45000000,148412065,103412065
The Woman in Black,17000000,127730736,110730736
Fifty Shades of Black,20000000,21164799,1164799
Halloween II,10000000,0,-10000000
The Conjuring,13000000,319494638,306494638
My Big Fat Greek Wedding 2,18000000,90632641,72632641
The Lucky Ones,0,0,0
Rejsen til Saturn,0,0,0
"Pink Ribbons, Inc.",900000,25000,-875000
Good Kill,0,316472,316472
Down in the Valley,8000000,852872,-7147128
Harsh Times,2000000,5967038,3967038
Starsuckers,0,0,0
Thomas and the Magic Railroad,19000000,19748009,748009
90 Minutes in Heaven,5000000,4842699,-157301
A Million Ways to Die in the West,40000000,86410000,46410000
Run Fatboy Run,10000000,33000000,23000000
Blue Ruin,420000,993313,573313
Shine a Light,0,0,0
The Wood,6000000,25059640,19059640
Jumping the Broom,6600000,37710610,31110610
The Best Man,9000000,34573780,25573780
سكر بنات,0,0,0
The Californians,0,0,0
The Wolfman,150000000,0,-150000000
The Kite Runner,20000000,73276047,53276047
The Lovely Bones,65000000,93621340,28621340
Da Sweet Blood of Jesus,1420000,0,-1420000
Simply Irresistible,6000000,4398989,-1601011
The Legend of Hercules,70000000,61279452,-8720548
Diary of a Mad Black Woman,0,0,0
Le Havre,3850000,0,-3850000
Mutual Appreciation,500000,0,-500000
La misma luna,0,23311391,23311391
The Maid's Room,0,0,0
Jack Brooks: Monster Slayer,0,0,0
Bad Moms,20000000,183936074,163936074
Mine vaganti,7000000,8220215,1220215
Hall Pass,36000000,86157237,50157237
The Avengers,220000000,1518815515,1298815515
The Lone Ranger,215000000,260502115,45502115
Insidious,1500000,97009150,95509150
Married Life,12000000,0,-12000000
21,35000000,69823199,34823199
The Dark Knight Rises,250000000,1081041287,831041287
Percy Jackson & the Olympians: The Lightning Thief,95000000,226497209,131497209
Fish Tank,3000000,2404300,-595700
Gravity,105000000,723192705,618192705
Untraceable,35000000,52659594,17659594
Risen,20000000,46069568,26069568
Jackass 3D,20000000,117224271,97224271
Down to Earth,0,0,0
Mr. Turner,0,5405500,5405500
Midnight Special,18000000,6740647,-11259353
You Kill Me,4000000,3748295,-251705
Crying with Laughter,0,0,0
Ararat,0,0,0
It Follows,2000000,14674076,12674076
Eulogy,6500000,89781,-6410219
The Hateful Eight,44000000,155760117,111760117
Grindhouse,67000000,25422088,-41577912
The Hobbit: An Unexpected Journey,250000000,1021103568,771103568
The Hobbit: The Desolation of Smaug,250000000,958400000,708400000
Gods and Generals,56000000,12923936,-43076064
Troy,175000000,497409852,322409852
Traffic,48000000,207515725,159515725
Alexander,155000000,167298192,12298192
Ray,40000000,124731534,84731534
Restless,8000000,163265,-7836735
The Da Vinci Code,125000000,767820459,642820459
The Wolf of Wall Street,100000000,392000000,292000000
Kingdom of Heaven,130000000,211643158,81643158
Der Baader Meinhof Komplex,27000000,0,-27000000
The Lord of the Rings: The Two Towers,79000000,926287400,847287400
Gangs of New York,100000000,193772504,93772504
जब तक है जान,0,0,0
赤壁,80341000,250100000,169759000
Jack Reacher,60000000,218340595,158340595
Open Range,22000000,68296293,46296293
The Maze Runner,34000000,348319861,314319861
Original Sin,42000000,35402320,-6597680
The Secret Life of Walter Mitty,90000000,188133322,98133322
National Treasure,100000000,347512318,247512318
Scott Pilgrim vs. the World,85000000,48000000,-37000000
Bloody Sunday,0,773228,773228
Miracles from Heaven,16000000,73983359,57983359
Repo! The Genetic Opera,8500000,188126,-8311874
Mission to Mars,90000000,60874615,-29125385
My Life Without Me,0,9726954,9726954
Pirates of the Caribbean: The Curse of the Black Pearl,140000000,655011224,515011224
Kill Bill: Vol. 1,30000000,180899265,150899265
About Time,12000000,87100449,75100449
Dreamcatcher,68000000,75700000,7700000
Deliver Us from Evil,30000000,87937815,57937815
X-Men Origins: Wolverine,150000000,373062864,223062864
Predators,40000000,127233108,87233108
The Hobbit: The Battle of the Five Armies,250000000,956019788,706019788
Eternal Sunshine of the Spotless Mind,20000000,72258126,52258126
Warrior,25000000,23057115,-1942885
Captain America: The Winter Soldier,170000000,714766572,544766572
三城记,0,0,0
The Last Castle,72000000,27642707,-44357293
Road to Perdition,80000000,181001478,101001478
Broken City,56000000,34737199,-21262801
Get Him to the Greek,40000000,90029656,50029656
The Taking of Pelham 1 2 3,100000000,150166126,50166126
Pirates of the Caribbean: Dead Man's Chest,200000000,1065659812,865659812
8 Mile,41000000,242875078,201875078
Out of Time,50000000,55495563,5495563
Walk the Line,28000000,186797986,158797986
Million Dollar Baby,30000000,216763646,186763646
Jerusalema,0,0,0
Bienvenue chez les ch'tis,11000000,245144417,234144417
War of the Worlds,132000000,603873119,471873119
"Me, Myself & Irene",51000000,149270999,98270999
Think Like a Man,12000000,96070507,84070507
Our Brand Is Crisis,28000000,7002261,-20997739
Disturbia,20000000,117760134,97760134
The Savages,0,10653221,10653221
Adam Resurrected,10000000,0,-10000000
The Perfect Storm,120000000,325756637,205756637
Joyful Noise,0,0,0
Strangerland,10000000,111107,-9888893
Bamboozled,0,0,0
Sisters in Law,0,0,0
Zulu,3500000,8000000,4500000
Four Brothers,45000000,92374674,47374674
Fireproof,500000,33456317,32956317
Magic Mike,7000000,167221571,160221571
Snatch,10000000,83557872,73557872
Chill Factor,70000000,11263966,-58736034
A Perfect Getaway,14000000,22852638,8852638
The To Do List,1500000,3566225,2066225
Slumdog Millionaire,15000000,378410542,363410542
The Lord of the Rings: The Fellowship of the Ring,93000000,871368364,778368364
The Awakening,4798235,209696,-4588539
The Manchurian Candidate,80000000,96105964,16105964
Tea with Mussolini,12000000,21001563,9001563
In Bruges,15000000,34533783,19533783
Closer to the Moon,9000000,0,-9000000
"O Brother, Where Art Thou?",26000000,71868327,45868327
Brokeback Mountain,14000000,178043761,164043761
Faith Connections,550000,0,-550000
Albert Nobbs,8000000,5634828,-2365172
Blindness,25000000,19844979,-5155021
The Kid,65000000,69700000,4700000
For Love of the Game,50000000,46112640,-3887360
Bless the Child,40000000,0,-40000000
Wish I Was Here,5500000,5483299,-16701
The Replacements,50000000,50054511,54511
"I Love You, Man",41000000,91980359,50980359
The Dark Knight,185000000,1004558444,819558444
The Gunman,40000000,13644292,-26355708
The Infiltrator,28000000,21011110,-6988890
Steve Jobs,30000000,34441873,4441873
K-PAX,48000000,50315140,2315140
Bobby Jones: Stroke of Genius,0,0,0
Grace of Monaco,30000000,26576000,-3424000
San Andreas,110000000,473990832,363990832
Saw,1200000,103911669,102711669
We Need to Talk About Kevin,7000000,10765283,3765283
Oorlogswinter,4000000,530048,-3469952
Transformers: Revenge of the Fallen,200000000,836303693,636303693
Fur: An Imaginary Portrait of Diane Arbus,16800000,2281089,-14518911
To Save a Life,500000,3824868,3324868
The Odd Life of Timothy Green,25000000,56012642,31012642
Lucky Number Slevin,27000000,56308881,29308881
Breakfast of Champions,12000000,0,-12000000
"Definitely, Maybe",0,55447968,55447968
Star Trek: Nemesis,60000000,67312826,7312826
三国之见龙卸甲,0,0,0
Valkyrie,75000000,200276000,125276000
Roll Bounce,0,0,0
Elle s'appelait Sarah,10000000,17511906,7511906
The King's Speech,15000000,414211549,399211549
One Man's Hero,0,0,0
Mother and Child,7000000,0,-7000000
Indiana Jones and the Kingdom of the Crystal Skull,185000000,786636033,601636033
Volver,12899867,85582407,72682540
The Girl with the Dragon Tattoo,90000000,232617430,142617430
Pollock,6,8,2
Stardust,70000000,135560026,65560026
Country Strong,15000000,20601987,5601987
Serenity,25000000,14454622,-10545378
The Golden Compass,180000000,372234864,192234864
A Man Apart,36000000,44350926,8350926
Julie & Julia,40000000,129540499,89540499
The General's Daughter,60000000,149705852,89705852
Bicentennial Man,100000000,0,-100000000
Jurassic World,150000000,1671713208,1521713208
Syriana,50000000,93974620,43974620
Adventureland,0,17164820,17164820
All Is Bright,10000000,0,-10000000
The Ghastly Love of Johnny X,0,0,0
Nurse Betty,24000000,0,-24000000
Jakob the Liar,45000000,4956701,-40043299
High Fidelity,30000000,47126295,17126295
Death Race,45000000,76014335,31014335
Eye of the Beholder,15000000,17589705,2589705
Pride & Prejudice,28000000,121147947,93147947
Zipper,0,0,0
Oliver Twist,50000000,42580321,-7419679
Now Is Good,0,2699265,2699265
Annie,65000000,133821816,68821816
Life or Something Like It,40000000,16872671,-23127329
Beowulf,70000000,195735876,125735876
Obsluhoval jsem anglického krále,0,0,0
Being Julia,18000000,14339171,-3660829
Standing Ovation,0,531826,531826
Batman Begins,150000000,374218673,224218673
Step Up 3D,30000000,159291809,129291809
Pirates of the Caribbean: At World's End,300000000,961000000,661000000
Moonlight Mile,21000000,10011050,-10988950
The Ultimate Gift,0,3438735,3438735
Wild Wild West,170000000,222104681,52104681
Hitch,70000000,368100420,298100420
Ali,107000000,87713825,-19286175
Ocean's Thirteen,85000000,311312624,226312624
The Rookie,20000000,75597042,55597042
Swimming Pool,7800000,22441323,14641323
Pushing Tin,33000000,8408835,-24591165
Khiladi 786,0,126,126
Insomnia,46000000,113714830,67714830
Center Stage,29000000,26385941,-2614059
Mystic River,25000000,156822020,131822020
Furious 7,190000000,1515047671,1325047671
Where the Heart Is,15000000,33771174,18771174
Random Hearts,64000000,74608570,10608570
Horrible Bosses,35000000,209838559,174838559
The Namesake,12000000,20354321,8354321
Eyes Wide Shut,65000000,162091208,97091208
Rise of the Planet of the Apes,93000000,482860185,389860185
The Protector,0,0,0
The Blind Side,29000000,309208309,280208309
The Hangover,35000000,469310836,434310836
Seabiscuit,87000000,148336445,61336445
It's Complicated,85000000,219103655,134103655
Barbershop,12000000,77063924,65063924
Varsity Blues,0,0,0
The Equalizer,55000000,192330738,137330738
John Carter,250000000,284139100,34139100
The Contender,20000000,22428990,2428990
In Time,40000000,173930596,133930596
Hardball,32000000,40222729,8222729
Blackhat,70000000,17752940,-52247060
X-Men: First Class,160000000,353624124,193624124
Clash of the Titans,125000000,493214993,368214993
Chocolat,25000000,152500343,127500343
Kill Bill: Vol. 2,30000000,152159461,122159461
The Wolverine,120000000,415440673,295440673
American Sniper,58800000,542307423,483507423
Charlie Wilson's War,75000000,119000410,44000410
Capote,7000000,49327405,42327405
Autómata,7000000,0,-7000000
Welcome to Mooseport,30000000,14000000,-16000000
Eddie the Eagle,23000000,46152411,23152411
Appaloosa,20000000,20211394,211394
Autumn in New York,65000000,0,-65000000
The Impossible,45000000,198087212,153087212
Pay It Forward,40000000,55707411,15707411
"The Chronicles of Narnia: The Lion, the Witch and the Wardrobe",180000000,745013115,565013115
The Assassination of Jesse James by the Coward Robert Ford,30000000,14711793,-15288207
You Don't Mess with the Zohan,90000000,204313400,114313400
The Last Witch Hunter,90000000,146936910,56936910
Bridesmaids,32500000,288383523,255883523
12 Years a Slave,20000000,187000000,167000000
Fighting Tommy Riley,0,0,0
Bringing Down the House,20000000,132675402,112675402
Sex with Strangers,0,0,0
Let Me In,20000000,24145613,4145613
Last Orders,0,0,0
Green Zone,100000000,94882889,-5117111
Dear John,25000000,114977104,89977104
Crazy/Beautiful,13000000,16929123,3929123
The Exorcism of Emily Rose,19000000,145166804,126166804
The Bourne Identity,60000000,214034224,154034224
The Bourne Supremacy,75000000,288500217,213500217
Bend It Like Beckham,3500159,76578641,73078482
Erin Brockovich,52000000,256271286,204271286
Kick-Ass 2,28000000,60700000,32700000
Monte Carlo,20000000,39782683,19782683
Michael Clayton,25000000,92991835,67991835
Far from Heaven,13500000,29027914,15527914
K-19: The Widowmaker,100000000,35168966,-64831034
The Dangerous Lives of Altar Boys,0,0,0
Monsoon Wedding,0,0,0
Fool's Gold,70000000,111231041,41231041
Inglourious Basterds,70000000,321455689,251455689
Scream 4,40000000,97231420,57231420
Darkness Falls,0,0,0
Facing the Giants,100000,10178331,10078331
Max,20000000,43967255,23967255
Love in the Time of Cholera,45000000,4607608,-40392392
The Duchess,17759769,43306325,25546556
Bobby,0,0,0
Raising Helen,50000000,49718611,-281389
The League of Extraordinary Gentlemen,78000000,179265204,101265204
Love Actually,40000000,244931766,204931766
Percy Jackson: Sea of Monsters,90000000,199850315,109850315
Little Black Book,35000000,22034832,-12965168
The Sum of All Fears,68000000,193921372,125921372
The Five-Year Engagement,30000000,54169363,24169363
The Hunger Games,75000000,691210692,616210692
The Tailor of Panama,21000000,28008462,7008462
The Next Three Days,30000000,51148651,21148651
Courageous,1000000,34522221,33522221
Terminator Salvation,200000000,371353001,171353001
Boynton Beach Club,0,0,0
September Dawn,11000000,0,-11000000
Hot Fuzz,12000000,80573774,68573774
Lucky Numbers,65000000,0,-65000000
Drive Angry,50000000,28931401,-21068599
The Counselor,25000000,71009334,46009334
Sorstalanság,0,0,0
The Secret Life of Bees,11000000,38105395,27105395
The Killer Inside Me,13000000,0,-13000000
Transamerica,1000000,13350369,12350369
Jersey Boys,40000000,67347013,27347013
I Origins,0,336472,336472
Spider-Man,139000000,821708551,682708551
Spider-Man 2,200000000,783766341,583766341
Spider-Man 3,258000000,890871626,632871626
The Hunger Games: Mockingjay - Part 2,160000000,653428261,493428261
Thor: The Dark World,170000000,644571402,474571402
Antiviral,2400000,0,-2400000
Shopgirl,10284523,11588205,1303682
Heli,1000000,0,-1000000
Good Deeds,0,0,0
This Means War,65000000,156974557,91974557
Return to Me,24000000,36609995,12609995
Abduction,35000000,82087155,47087155
Looper,30000000,47042000,17042000
The Girl on the Train,45000000,173185859,128185859
Misconduct,11000000,0,-11000000
The Railway Man,18000000,24174885,6174885
2 Fast 2 Furious,76000000,236350661,160350661
Crazy in Alabama,0,0,0
Big Fish,70000000,123218424,53218424
Heartbreakers,35000000,57756408,22756408
Two Brothers,545,0,-545
Paul,40000000,97984015,57984015
Falcon Rising,4500000,11774,-4488226
The Matrix,63000000,463517383,400517383
X-Men: Days of Future Past,250000000,747862775,497862775
State of Play,60000000,87784194,27784194
No End in Sight,2000000,1431623,-568377
The Last Samurai,140000000,456758981,316758981
The Theory of Everything,15000000,123726688,108726688
Signs,72000000,408247917,336247917
Deterrence,0,0,0
Requiem for a Dream,4500000,7390108,2890108
Nebraska,12000000,27682872,15682872
Against the Ropes,39000000,6432551,-32567449
Abraham Lincoln: Vampire Hunter,69000000,116471580,47471580
The Cell,33000000,104155843,71155843
Rodeo Girl,0,0,0
Standard Operating Procedure,0,0,0
Alfie,60000000,35060882,-24939118
Ben-Hur,15000000,164000000,149000000
Infamous,0,0,0
No Strings Attached,25000000,149228077,124228077
The Mortal Instruments: City of Bones,60000000,95396573,35396573
Dear Wendy,0,0,0
Harry Potter and the Order of the Phoenix,150000000,938212738,788212738
Red Planet,80000000,33463969,-46536031
How the Grinch Stole Christmas,123000000,345141403,222141403
葉問3,36000000,156844753,120844753
A Perfect Plan,0,0,0
Endless Love,0,32492674,32492674
ये जवानी है दीवानी,7700000,46000000,38300000
Meet the Fockers,80000000,516642939,436642939
Under the Tuscan Sun,18000000,58878723,40878723
The Nutcracker in 3D,90000000,17177993,-72822007
About Schmidt,30000000,105834556,75834556
Bon Cop Bad Cop,8000000,12671300,4671300
Ripley's Game,30000000,0,-30000000
Wanted,75000000,341432090,266432090
What to Expect When You're Expecting,40000000,79700000,39700000
One Direction: This Is Us,10000000,0,-10000000
Ghost Dog: The Way of the Samurai,2000000,9400000,7400000
The Frozen Ground,27220000,5496951,-21723049
American Pie 2,30000000,287553595,257553595
The Loss of Sexual Innocence,4000000,0,-4000000
J. Edgar,35000000,84606030,49606030
"좋은 놈, 나쁜 놈, 이상한 놈",10000000,0,-10000000
The Curse of the Jade Scorpion,0,0,0
Straight Outta Compton,28000000,201634991,173634991
Eagle Eye,80000000,178800000,98800000
Layer Cake,6500000,11850214,5350214
The Gift,5000000,58978653,53978653
"Batman: The Dark Knight Returns, Part 2",3500000,0,-3500000
V for Vendetta,54000000,132511035,78511035
White Oleander,0,0,0
Free State of Jones,50000000,25035950,-24964050
Gangster Squad,60000000,105200903,45200903
Chasing Mavericks,0,0,0
Harry Potter and the Half-Blood Prince,250000000,933959197,683959197
The Wave,0,0,0
Bad Boys II,130000000,273339556,143339556
Punisher: War Zone,20500000,10089373,-10410627
Monsters University,200000000,743559607,543559607
Hancock,150000000,629443428,479443428
Dark Shadows,150000000,245527149,95527149
Melancholia,7400000,15946321,8546321
The 33,25000000,24902723,-97277
Narc,6500000,12633747,6133747
Gods of Egypt,140000000,150680864,10680864
A Lot Like Love,30000000,42886719,12886719
Almost Famous,60000000,47383689,-12616311
Exorcist: The Beginning,80000000,78000586,-1999414
Triple 9,20000000,12639297,-7360703
The Notebook,29000000,115603229,86603229
Stop-Loss,25000000,11207130,-13792870
Deadpool,58000000,783100000,725100000
The Hunt,14000000,8621288,-5378712
El secreto de sus ojos,2000000,33965843,31965843
Steppin: The Movie,0,0,0
Magic Mike XXL,14800000,117813057,103013057
The Insider,90000000,60289912,-29710088
Dark Water,30000000,49483352,19483352
Godsend,25000000,30120671,5120671
The Weather Man,20000000,12482775,-7517225
Something's Gotta Give,80000000,266728738,186728738
Barbershop 2: Back in Business,18000000,65070412,47070412
Prisoners,46000000,122126687,76126687
Underworld: Evolution,50000000,111476513,61476513
Bandslam,20000000,12225023,-7774977
The Muppets,45000000,165184237,120184237
Splice,26000000,0,-26000000
Eight Below,40000000,120455994,80455994
All the Real Girls,2500000,548712,-1951288
The Majestic,72000000,37317558,-34682442
The Tourist,100000000,278731369,178731369
Riding in Cars with Boys,48000000,35743308,-12256692
I Love Your Work,1650000,3264,-1646736
Amen.,0,0,0
"Mystery, Alaska",28000000,8891623,-19108377
Pride and Glory,30000000,31148328,1148328
The International,50000000,60161391,10161391
南京!南京!,12000000,10652498,-1347502
The Hundred-Foot Journey,22000000,88880821,66880821
42,40000000,95020213,55020213
Knocked Up,30000000,219076518,189076518
Vera Drake,11000000,13300000,2300000
Anywhere But Here,23000000,18653615,-4346385
Georgia Rule,20000000,25000167,5000167
The Last Stand,30000000,0,-30000000
The Last Song,20000000,89137047,69137047
"McFarland, USA",0,45710059,45710059
Big Miracle,40000000,24719215,-15280785
Perfect Cowboy,200,0,-200
Beyond the Black Rainbow,1100000,0,-1100000
Identity Thief,35000000,173965010,138965010
Fascination,0,0,0
X-Men: Apocalypse,178000000,543934787,365934787
Anchorman 2: The Legend Continues,50000000,173649015,123649015
The Four Feathers,35000000,29882645,-5117355
Biutiful,0,25147786,25147786
"War, Inc.",5000000,1296184,-3703816
Poultrygeist: Night of the Chicken Dead,0,0,0
Flawless,20000000,6819587,-13180413
10th & Wolf,8000000,143451,-7856549
The Prom,0,0,0
This Christmas,13000000,0,-13000000
Coco avant Chanel,0,0,0
Nightcrawler,8500000,50300000,41800000
Cars,120000000,461983149,341983149
Sex and the City 2,100000000,290745055,190745055
The Merchant of Venice,0,0,0
Danny Collins,10000000,10835752,835752
Dylan Dog: Dead of Night,20000000,4634062,-15365938
Hairspray,50000000,90450008,40450008
Becoming Jane,16500000,37311672,20811672
Love Ranch,0,0,0
Blood Done Sign My Name,10000000,82739,-9917261
The Social Network,40000000,224920315,184920315
Coming Home,3000000,0,-3000000
10 Days in a Madhouse,1200000,0,-1200000
The House of Mirth,10000000,5164404,-4835596
Kinsey,11000000,17050017,6050017
The Hunger Games: Catching Fire,130000000,847423452,717423452
Beautiful Creatures,60000000,60052138,52138
The Bounty Hunter,40000000,136333522,96333522
The Other End of the Line,14000000,115592,-13884408
Soul Surfer,18000000,47088990,29088990
Theresa Is a Mother,0,0,0
Mission: Impossible II,125000000,546388105,421388105
Mission: Impossible III,150000000,397850012,247850012
Kick-Ass,28000000,96188903,68188903
The Other Guys,100000000,170432927,70432927
Flywheel,0,0,0
The Runaways,10000000,2995811,-7004189
Wicker Park,30000000,13001257,-16998743
In the Heart of the Sea,100000000,93920758,-6079242
Club Dread,8500000,5001655,-3498345
Dallas Buyers Club,5000000,55736588,50736588
Cinderella,2900000,263591415,260691415
Lakeview Terrace,20000000,27640028,7640028
Straw Dogs,2200000,3251794,1051794
Mission: Impossible - Ghost Protocol,145000000,694713380,549713380
The Age of Adaline,25000000,65663276,40663276
God's Not Dead 2,5000000,23507567,18507567
Spotlight,20000000,98690254,78690254
August Rush,25000000,66122026,41122026
Rendition,27500000,24748670,-2751330
The Host,44000000,63327201,19327201
Martian Child,0,0,0
Das weisse Band - Eine deutsche Kindergeschichte,21555450,11652157,-9903293
Basic Instinct 2,70000000,38629478,-31370522
Self/less,26000000,31807156,5807156
Her,23000000,47351251,24351251
The Man from U.N.C.L.E.,75000000,108145109,33145109
Owning Mahowny,10000000,1271244,-8728756
Nomad,25000000,0,-25000000
Love Happens,18000000,36133014,18133014
Salvando al Soldado Pérez,0,0,0
The Book Thief,0,76586316,76586316
Public Enemies,100000000,214104620,114104620
Seven Pounds,55000000,168167691,113167691
Shutter Island,80000000,294800000,214800000
The Informant!,22000000,41771168,19771168
Femme Fatale,0,0,0
Sicario,30000000,84872444,54872444
The Other Woman,40000000,196781193,156781193
The Longest Yard,82000000,190320568,108320568
Brown Sugar,8000000,27362712,19362712
Sucker Punch,82000000,89792502,7792502
Mao's Last Dancer,25000000,23914731,-1085269
Machete,20000000,44093316,24093316
The Walk,35000000,61181942,26181942
La veuve de Saint-Pierre,0,0,0
The Upside of Anger,12000000,28237488,16237488
黃石的孩子,40000000,7785317,-32214683
American Dreamz,17000000,7314027,-9685973
Wild Grass,0,0,0
The Prestige,40000000,109676311,69676311
Labor Day,18000000,20275812,2275812
The Musketeer,40000000,27053815,-12946185
Jack the Giant Slayer,195000000,197687603,2687603
Django Unchained,100000000,425368238,325368238
Edtv,80000000,0,-80000000
The Master,32000000,28258060,-3741940
Elysium,115000000,286140700,171140700
Kiss Kiss Bang Bang,15000000,15785148,785148
Pacific Rim,180000000,407602906,227602906
Antwone Fisher,12500000,23367586,10867586
Click,82500000,240685326,158185326
The Greatest Game Ever Played,25000000,15431177,-9568823
The Art of War,40000000,30199105,-9800895
Babel,25000000,135330182,110330182
Gosford Park,19800000,87754044,67954044
Me Before You,20000000,207945075,187945075
Bridge of Spies,40000000,165478348,125478348
Star Trek,150000000,385680446,235680446
The Adjustment Bureau,50200000,127869379,77669379
Fever Pitch,10000000,0,-10000000
Along the Roadside,250,0,-250
The Great Gatsby,105000000,351040419,246040419
The Adventures of Tintin,130000000,371940071,241940071
Extremely Loud & Incredibly Close,40000000,55247881,15247881
Renaissance,18000000,1831348,-16168652
The Ghost Writer,45000000,60331447,15331447
21 Jump Street,42000000,201585328,159585328
There Will Be Blood,25000000,77208711,52208711
Girls Gone Dead,500000,0,-500000
Arbitrage,12000000,35485056,23485056
Drumline,20000000,57588485,37588485
The Intern,35000000,194564672,159564672
실미도,8000000,0,-8000000
Cop Out,30000000,55583804,25583804
Texas Rangers,0,0,0
At First Sight,0,0,0
America's Sweethearts,64400000,138191428,73791428
The Iceman,20000000,1969193,-18030807
Take Shelter,5000000,3099314,-1900686
The World Is Mine,0,0,0
Fifty Dead Men Walking,0,0,0
The Skulls,15000000,35007180,20007180
End of Watch,7000000,48126384,41126384
Lone Survivor,40000000,149295601,109295601
Hannibal Rising,50000000,82169884,32169884
Ghost Rider,110000000,228738393,118738393
Letters from Iwo Jima,19000000,68673228,49673228
Woman in Gold,11000000,61619773,50619773
Pain & Gain,25000000,1,-24999999
Frost/Nixon,25000000,18593156,-6406844
300,65000000,422610419,357610419
Sunshine,50000000,34806812,-15193188
Des hommes et des dieux,4000000,41424067,37424067
A Knight's Tale,65000000,117487473,52487473
This Is It,60000000,261200000,201200000
The Bone Collector,73000000,151493655,78493655
Brighton Rock,0,0,0
Snitch,35000000,42930462,7930462
The Ridges,17350,0,-17350
Sweet Home Alabama,30000000,180622424,150622424
Domino,7800000,0,-7800000
Winnie Mandela,15000000,0,-15000000
Speed Racer,120000000,93945766,-26054234
Man on Fire,70000000,130293714,60293714
Concussion,0,0,0
The Slaughter Rule,0,0,0
Mirror Mirror,85000000,183018522,98018522
Mud,10000000,21587700,11587700
Los lunes al sol,4000000,146402,-3853598
Teenage Mutant Ninja Turtles: Out of the Shadows,135000000,245623848,110623848
A Prairie Home Companion,10000000,0,-10000000
Burlesque,55000000,89519773,34519773
Red Dragon,78000000,209196298,131196298
Analyze This,80000000,176885658,96885658
Thirteen Conversations About One Thing,0,0,0
If I Stay,11000000,78274843,67274843
Timeline,80000000,43935763,-36064237
Any Given Sunday,55000000,100230832,45230832
Smokin' Aces,17000000,57103895,40103895
Tears of the Sun,75000000,86468162,11468162
The Revenant,135000000,532950503,397950503
Boyhood,4000000,48137666,44137666
Trainwreck,35000000,140795793,105795793
Blast from the Past,35000000,40263020,5263020
Escobar: Paradise Lost,17000000,3758328,-13241672
Divine Secrets of the Ya-Ya Sisterhood,27000000,73839240,46839240
The Game Plan,22000000,147880543,125880543
Mamma Mia!,52000000,609841637,557841637
Battlefield Earth,44000000,21400000,-22600000
Veronika Decides to Die,9000000,1709178,-7290822
The Sisterhood of Night,0,0,0
The Pursuit of Happyness,55000000,307077295,252077295
A Walk on the Moon,14000000,0,-14000000
The Big Short,28000000,133346506,105346506
La niña santa,1400000,0,-1400000
The Young Messiah,18500000,6490401,-12009599
Limbo,0,224405,224405
El laberinto del fauno,19000000,83258226,64258226
태극기 휘날리며,1500000,0,-1500000
The Ladykillers,35000000,76700000,41700000
The Fast and the Furious: Tokyo Drift,85000000,158468292,73468292
Perfume: The Story of a Murderer,50000000,132180323,82180323
This Is 40,35000000,88058786,53058786
Paycheck,60000000,95427515,35427515
Bowling for Columbine,4000000,35564473,31564473
Once Upon a Time in Mexico,29000000,98185582,69185582
Get Carter,63600000,19412993,-44187007
Vertical Limit,75000000,215663859,140663859
Anna and the King,75000000,113996937,38996937
You Again,20000000,32054369,12054369
88 Minutes,30000000,32593385,2593385
Goosebumps,58000000,158162788,100162788
The Grey,25000000,77278331,52278331
5 Days of War,20000000,17479,-19982521
RoboCop,13000000,53424681,40424681
Space Cowboys,65000000,128884132,63884132
"Big Mommas: Like Father, Like Son",32000000,83615414,51615414
She's the Man,20000000,33889159,13889159
The Messenger,6500000,1595417,-4904583
Pandorum,33000000,20648328,-12351672
Couples Retreat,70000000,171844840,101844840
The Twilight Saga: Breaking Dawn - Part 2,120000000,829000000,709000000
The Singing Detective,8000000,337174,-7662826
Rosewater,0,0,0
Sideways,16000000,109502303,93502303
The Illusionist,16500000,87892388,71392388
Miss Congeniality,45000000,212000000,167000000
"Crazy, Stupid, Love.",50000000,142851197,92851197
Oldboy,30000000,5186767,-24813233
Children of Men,76000000,70595464,-5404536
Everest,55000000,203427584,148427584
North Country,35000000,25224242,-9775758
"Girl, Interrupted",40000000,48350205,8350205
Selma,20000000,66787908,46787908
Polisse,0,20374201,20374201
Idlewild,0,0,0
Changeling,55000000,113020255,58020255
The Martian,108000000,630161890,522161890
Mission: Impossible - Rogue Nation,150000000,682330139,532330139
The Dilemma,70000000,67112664,-2887336
Urbania,0,0,0
Saving Mr. Banks,35000000,112544580,77544580
Firewall,45000000,82800000,37800000
"Gandhi, My Father",0,0,0
The Descendants,20000000,177243185,157243185
Step Up,12000000,114194847,102194847
Chicago,45000000,306776732,261776732
Chappie,49000000,104399548,55399548
Kurtlar Vadisi: Irak,10000000,0,-10000000
Apocalypto,40000000,120654337,80654337
Mona Lisa Smile,65000000,0,-65000000
School of Rock,35000000,131095990,96095990
Mi America,2100000,3330,-2096670
The Basket,0,619042,619042
Sublime,0,0,0
Copying Beethoven,11000000,6191746,-4808254
Night at the Museum,110000000,574480841,464480841
Capitalism: A Love Story,20000000,17436509,-2563491
Hereafter,50000000,106956330,56956330
Death Sentence,20000000,16974459,-3025541
No Reservations,28000000,92601050,64601050
10 Cloverfield Lane,15000000,108286421,93286421
Freeheld,7000000,573335,-6426665
After.Life,4500000,3606395,-893605
The Fast and the Furious,38000000,207283925,169283925
Dungeons & Dragons,35000000,15185241,-19814759
The Incredibles,92000000,631442092,539442092
We're the Millers,37000000,269994119,232994119
The Way of the Gun,8500000,19125401,10625401
A Most Violent Year,20000000,12007070,-7992930
Save the Last Dance,13000000,131706809,118706809
The Heat,43000000,158674180,115674180
The Conjuring,13000000,319494638,306494638
Jack Ryan: Shadow Recruit,60000000,135511030,75511030
The Tempest,20000000,346594,-19653406
The Chumscrubber,0,0,0
Mystery Men,68000000,29762011,-38237989
Inside Job,2000000,7871522,5871522
Purple Violets,4000000,0,-4000000
The Island,126000000,162949164,36949164
Flags of Our Fathers,90000000,65900249,-24099751
3 Days to Kill,28000000,52597999,24597999
The Interview,44000000,12342632,-31657368
Crash,6500000,98410061,91910061
Regression,0,17671101,17671101
Alice Through the Looking Glass,170000000,299457024,129457024
Central Intelligence,50000000,216972543,166972543
Freedom Writers,21000000,43095175,22095175
High School Musical 3: Senior Year,11000000,252909177,241909177
How to Be Single,38000000,112343513,74343513
Blue Valentine,1000000,15440333,14440333
School for Scoundrels,20000000,17807569,-2192431
新宿事件,15000000,0,-15000000
Murder by Numbers,50000000,56714147,6714147
The Legend of Zorro,75000000,142400065,67400065
The Finest Hours,80000000,52099090,-27900910
Begin Again,8000000,63464861,55464861
Mandela: Long Walk to Freedom,35000000,27333835,-7666165
The Divide,3000000,22000,-2978000
Incendies,10000000,0,-10000000
The Women,16000000,50007546,34007546
Margin Call,3500000,19504039,16004039
The Princess Diaries,37000000,165335153,128335153
Duets,0,0,0
Collateral Damage,85000000,78382433,-6617567
The Devil's Rejects,7000000,19246174,12246174
Divergent,85000000,288747895,203747895
Man of the Year,20000000,42472472,22472472
Transcendence,100000000,103039258,3039258
Megiddo: The Omega Code 2,0,0,0
Half Nelson,700000,4911725,4211725
Sunshine State,0,0,0
Glory Road,0,42647449,42647449
How to Lose a Guy in 10 Days,50000000,177371441,127371441
Black Snake Moan,15000000,10903846,-4096154
Ready to Rumble,24000000,12372410,-11627590
Thirteen Days,80000000,34566746,-45433254
Men of Honor,82343495,48814909,-33528586
Casino Royale,150000000,599045960,449045960
Angel Eyes,53000000,29700000,-23300000
Find Me Guilty,13000000,2636637,-10363363
Snow Angels,0,414404,414404
रंग दे बसंती,2200000,11502151,9302151
Captain America: The First Avenger,140000000,370569774,230569774
Barney's Version,30000000,8454301,-21545699
Fahrenheit 9/11,6000000,222446882,216446882
The Mist,18000000,57096190,39096190
Son of God,22000000,67800064,45800064
Stuck on You,55000000,65784503,10784503
Our Family Wedding,14000000,21409028,7409028
Trouble with the Curve,0,0,0
Life of Pi,120000000,609016565,489016565
Hugo,170000000,185770160,15770160
"You, Me and Dupree",54000000,130431368,76431368
The Masked Saint,0,0,0
Baby Boy,16000000,29381649,13381649
Think Like a Man Too,24000000,70181428,46181428
The Huntsman: Winter's War,115000000,164989338,49989338
Masked and Anonymous,0,0,0
Meek's Cutoff,0,876302,876302
My Sister's Keeper,30000000,95714875,65714875
Rent,40000000,31670620,-8329380
End of the Spear,10000000,12128105,2128105
Just My Luck,28000000,38159905,10159905
Entrapment,66000000,212404396,146404396
The Claim,0,0,0
Mad Money,0,0,0
Spectre,245000000,880674609,635674609
Draft Day,25000000,28831145,3831145
Alice in Wonderland,3000000,572000000,569000000
Die Another Day,140000000,431971116,291971116
X-Men: The Last Stand,210000000,459359555,249359555
Stealth,135000000,76932943,-58067057
The Ridiculous 6,60000000,0,-60000000
The Pledge,35000000,29400000,-5600000
The City of Your Final Destination,0,0,0
Dragonfly,60000000,52322400,-7677600
Don't Say a Word,50000000,100020092,50020092
Chocolate: Deep Dark Secrets,0,0,0
Pirates of the Caribbean: On Stranger Tides,380000000,1045713802,665713802
Hardflip,1000000,0,-1000000
Nutty Professor II: The Klumps,84000000,123307945,39307945
Behind Enemy Lines,40000000,91753202,51753202
House of Wax,40000000,68766121,28766121
Corpse Bride,40000000,118090836,78090836
The Square,0,1502347,1502347
Marie Antoinette,40000000,60474340,20474340
A Sound of Thunder,80000000,11665465,-68334535
Beauty Shop,25000000,36351350,11351350
Cirque du Freak: The Vampire's Assistant,40000000,28169671,-11830329
The Time Traveler's Wife,39000000,101344412,62344412
The Green Hornet,120000000,227817248,107817248
Paper Towns,12000000,85512300,73512300
Star Wars: Episode III - Revenge of the Sith,113000000,850000000,737000000
Ajami,1000000,1331651,331651
The Family Man,60000000,0,-60000000
In Good Company,0,0,0
Gigli,54000000,7266209,-46733791
Vanilla Sky,68000000,203388341,135388341
Memoirs of a Geisha,85000000,162242962,77242962
Green Lantern,200000000,219851172,19851172
Martin Lawrence Live: Runteldat,3000000,19184015,16184015
Cars 2,200000000,559852396,359852396
The Imaginarium of Doctor Parnassus,30000000,64352607,34352607
The Reader,32000000,108902486,76902486
The Gambler,25000000,39171130,14171130
The Rise of the Krays,2500000,0,-2500000
Did You Hear About the Morgans?,58000000,85280250,27280250
Insidious,1500000,97009150,95509150
The 13th Warrior,160000000,61698899,-98301101
Killer Elite,66000000,57777106,-8222894
Something Borrowed,35000000,65090821,30090821
Sweet November,40000000,65754228,25754228
Kate,0,0,0
The Sweeney,3730500,6294161,2563661
Last Vegas,28000000,134402450,106402450
Hulk,137000000,245360480,108360480
How Do You Know,120000000,48668907,-71331093
Namastey London,0,0,0
P.S. I Love You,30000000,156835339,126835339
Now You See Me,75000000,351723989,276723989
Southpaw,30000000,91709827,61709827
What Women Want,70000000,374111707,304111707
Stomp the Yard,13000000,75511123,62511123
Вий,0,0,0
The Bourne Legacy,130000000,276572938,146572938
Run All Night,50000000,71561644,21561644
The Other Boleyn Girl,35000000,78269970,43269970
Iron Man 2,200000000,623933331,423933331
Milk,20000000,54589558,34589558
eXistenZ,15000000,2856712,-12143288
Zodiac,65000000,84785914,19785914
Lucky You,55000000,8461686,-46538314
The Chronicles of Narnia: The Voyage of the Dawn Treader,155000000,415686217,260686217
In the Land of Blood and Honey,10000000,303877,-9696123
Enough,38000000,51801187,13801187
Mickey Blue Eyes,0,0,0
To Rome with Love,17000000,73244881,56244881
Mortdecai,60000000,30418560,-29581440
The Rundown,85000000,80916492,-4083508
Maurice Richard,8000000,2019009,-5980991
Beyond the Mat,2053648,500000,-1553648
A Mighty Heart,16000000,18928871,2928871
Swing Vote,21000000,17600000,-3400000
The Sisterhood of the Traveling Pants 2,27000000,44352417,17352417
The Last Station,0,0,0
Toy Story 3,200000000,1066969703,866969703
Nine,80000000,53825515,-26174485
You Can Count on Me,0,0,0
The Day the Earth Stood Still,80000000,233093859,153093859
The Business of Fancydancing,200000,0,-200000
Dead Man Down,0,18074539,18074539
Cadillac Records,12000000,8880045,-3119955
Around the World in 80 Days,110000000,72178895,-37821105
Le scaphandre et le papillon,14000020,19777647,5777627
The Last House on the Left,15000000,32721635,17721635
The Patriot,110000000,215294342,105294342
Unbroken,65000000,163442937,98442937
Parental Guidance,25000000,119772232,94772232
The Extra Man,7000000,453079,-6546921
Exodus: Gods and Kings,140000000,268031828,128031828
Training Day,45000000,104876233,59876233
Cargo,0,56385,56385
Fame,18000000,77211836,59211836
Along Came a Spider,60000000,105178561,45178561
Primer,7000,545436,538436
Bled,0,0,0
Little Big Top,0,0,0
Alvin and the Chipmunks: Chipwrecked,75000000,342695435,267695435
The Quiet American,30000000,27674124,-2325876
Lies in Plain Sight,0,0,0
Yoga Hosers,5000000,0,-5000000
Decoys,5000000,0,-5000000
Finding Nemo,94000000,940335536,846335536
Crossover,5800000,7000000,1200000
Paranormal Activity: The Marked Ones,5000000,86362372,81362372
The Whole Nine Yards,41300000,106371651,65071651
Shattered,22000000,11511031,-10488969
Joe Somebody,38000000,24516772,-13483228
A Haunted House 2,4000000,25343661,21343661
The Dirties,10000,0,-10000
Out Cold,24000000,14782676,-9217324
The Simpsons Movie,75000000,527068851,452068851
Dream House,50000000,38502340,-11497660
The Cookout,16000000,12009070,-3990930
Midnight in Paris,17000000,151119219,134119219
Breakin' All the Rules,0,0,0
Chasing Papi,0,6126237,6126237
Brüno,42000000,0,-42000000
Jonah Hex,47000000,10539000,-36461000
American Pie,11000000,235483004,224483004
The Possession,14000000,85446075,71446075
Code Name: The Cleaner,20000000,10337477,-9662523
WASABI,15300000,0,-15300000
Sorority Row,12500000,27206120,14706120
Tim and Eric's Billion Dollar Movie,0,0,0
The Face of an Angel,0,0,0
The Men Who Stare at Goats,24000000,68729358,44729358
The Whole Ten Yards,40000000,26155781,-13844219
Fantastic Mr. Fox,40000000,46471023,6471023
Sinbad: Legend of the Seven Seas,60000000,80767884,20767884
They Came Together,0,0,0
Before Sunset,2700000,15992615,13292615
American Wedding,55000000,231449203,176449203
Open Water,130000,54667954,54537954
The Time Machine,80000000,123729176,43729176
"Legally Blonde 2: Red, White & Blonde",45000000,124914842,79914842
Dinner Rush,2000000,1075504,-924496
The Sitter,25000000,34942188,9942188
Freaky Deaky,0,0,0
Kiss of the Dragon,25000000,64437847,39437847
Drive Me Crazy,8000000,22593409,14593409
Winter's Bone,2000000,13831503,11831503
Bronson,230000,2260712,2030712
Lords of London,3440000,0,-3440000
Ella Enchanted,31000000,27388767,-3611233
An Education,7500000,26096852,18596852
Wing Commander,30000000,0,-30000000
The Christmas Bunny,250000,0,-250000
Alien Uprising,0,0,0
Zack and Miri Make a Porno,24000000,42105111,18105111
Another Earth,100000,1776935,1676935
The Good Guy,1000000,100688,-899312
Turbo,135000000,282570682,147570682
Walking with Dinosaurs,80000000,126546518,46546518
Universal Soldier: The Return,45000000,10667893,-34332107
Doug's 1st Movie,0,0,0
Reign of Fire,60000000,82150183,22150183
Swimfan,8500000,0,-8500000
Dawn Patrol,0,0,0
[REC],1500000,32511655,31011655
U2 3D,15000000,22730842,7730842
Alex Cross,45000000,30353232,-14646768
Cyrus,7000000,0,-7000000
The Little Ponderosa Zoo,500000,0,-500000
Free Style,0,140987,140987
Big Trouble,40000000,8493890,-31506110
Hanging Up,60000000,51880044,-8119956
The Iron Giant,70000000,23159305,-46840695
Scott Walker: 30 Century Man,0,0,0
Underworld: Rise of the Lycans,35000000,92158961,57158961
Scary Movie 2,45000000,141220678,96220678
Skin Trade,10000000,0,-10000000
Archaeology of a Woman,0,0,0
Deceptive Practice: The Mysteries and Mentors of Ricky Jay,500000,0,-500000
Scary Movie 3,48000000,220673217,172673217
The Watch,68000000,68267862,267862
Morvern Callar,0,0,0
The Death and Life of Bobby Z,22000000,413454,-21586546
Tanner Hall,0,0,0
The Forsaken,5000000,0,-5000000
Farce of the Penguins,0,0,0
The Big Year,41000000,8179416,-32820584
American Heist,10000000,0,-10000000
Black Rock,0,0,0
Rugrats Go Wild,25000000,55443032,30443032
Saw II,4000000,152925093,148925093
Echo Dr.,0,0,0
Compliance,270000,319285,49285
Hot Tub Time Machine 2,36000000,64780213,28780213
The Lazarus Effect,3300000,64110728,60810728
Filly Brown,0,0,0
Tadpole,150000,2891288,2741288
Next Friday,11000000,59827328,48827328
Mindhunters,27000000,21148829,-5851171
Burn,0,0,0
Grabbers,0,0,0
The Gallows,100000,42664410,42564410
Rize,0,0,0
Shade,6800000,0,-6800000
Closer,27000000,115505027,88505027
Clerks II,5000000,26888376,21888376
Nim's Island,37000000,100076342,63076342
Maleficent,180000000,758539785,578539785
Slow West,2000000,229094,-1770906
Legend of the Guardians: The Owls of Ga'Hoole,80000000,140073390,60073390
The Horse Boy,0,0,0
The Road to El Dorado,95000000,76432727,-18567273
Teenage Mutant Ninja Turtles,125000000,477200000,352200000
The Diary of a Teenage Girl,2000000,1477002,-522998
Once in a Lifetime: The Extraordinary Story of the New York Cosmos,1000000,0,-1000000
"As Above, So Below",5000000,40100000,35100000
The Mudge Boy,800000,62852,-737148
My Last Day Without You,1000000,0,-1000000
Dwegons and Leprechauns,0,0,0
Extract,8000000,10848783,2848783
Monster-in-Law,43000000,154749918,111749918
Sleep Dealer,2500000,107559,-2392441
Bride Wars,30000000,114663461,84663461
Attack the Block,14350531,3964682,-10385849
All Superheroes Must Die,20000,0,-20000
Kung Fu Panda 2,150000000,665692281,515692281
Woman on Top,8000000,0,-8000000
Gentlemen Broncos,10000000,0,-10000000
The Work and the Glory II: American Zion,6500000,2025032,-4474968
We Are Your Friends,6000000,11122090,5122090
Cats,95000000,73515024,-21484976
Jimmy Neutron: Boy Genius,25000000,80936232,55936232
Ninja Assassin,40000000,60462347,20462347
Return to Never Land,20000000,109862682,89862682
Bruce Almighty,80000000,484592874,404592874
Ballistic: Ecks vs. Sever,70000000,19924033,-50075967
Novocaine,6000000,2025238,-3974762
The Call,13000000,68572378,55572378
Catwoman,100000000,82102379,-17897621
East Is East,3800000,28200000,24400000
Soul Men,0,0,0
Heroes of Dirt,0,0,0
Dracula: Pages from a Virgin's Diary,1596010,0,-1596010
Freddy vs. Jason,30000000,114908830,84908830
Three to Tango,20000000,0,-20000000
Bucky Larson: Born to Be a Star,10000000,0,-10000000
Dinosaur,127500000,354248063,226748063
The Guard,6000000,19560274,13560274
The House Bunny,25000000,70442940,45442940
The 5th Quarter,6000000,399611,-5600389
Dracula 2000,28000000,47053625,19053625
The Secret of Kells,0,0,0
Doc Holliday's Revenge,1000000,0,-1000000
A Shine of Rainbows,6000000,0,-6000000
The Specials,0,0,0
The Business of Strangers,0,0,0
Slow Burn,15500000,1237615,-14262385
The Cat in the Hat,109000000,133818283,24818283
Re-Kill,9500000,0,-9500000
Kita svajonių komanda,0,0,0
Furry Vengeance,35000000,36236710,1236710
दिल जो भी कहे,0,0,0
Fight Valley,27000000,0,-27000000
Khumba,20000000,27187375,7187375
Head Over Heels,14000000,13127022,-872978
Safety Not Guaranteed,750000,4424699,3674699
Someone Like You...,23000000,38689940,15689940
Premium Rush,35000000,31083599,-3916401
Never Back Down 2: The Beatdown,3000000,0,-3000000
Pootie Tang,0,0,0
My Super Ex-Girlfriend,0,60896147,60896147
Ida,2159280,15298355,13139075
A Room for Romeo Brass,0,0,0
The Last Days on Mars,0,24084,24084
Prom,8000000,10130000,2130000
Kangaroo Jack,0,0,0
The Hunted,55000000,34234008,-20765992
Sharkskin,0,0,0
The Nativity Story,35000000,0,-35000000
LOL,11000000,0,-11000000
Michael Jordan to the Max,0,21268532,21268532
Loser,0,0,0
Tomcats,11000000,23430766,12430766
Idle Hands,25000000,4152230,-20847770
The Haunting of Molly Hartley,0,15,15
No Vacancy,0,0,0
Lions for Lambs,35000000,63215872,28215872
Osama,46000,0,-46000
Broken Horses,15000000,0,-15000000
Prom Night,0,14796236,14796236
Trade of Innocents,0,0,0
Antarctica: A Year on Ice,1000000,0,-1000000
The Signal,4000000,2665322,-1334678
Jimmy and Judy,1000000,0,-1000000
WALL·E,180000000,521311860,341311860
I Want Your Money,0,0,0
Bullet to the Head,55000000,9489829,-45510171
Chicken Tikka Masala,0,0,0
The Watcher,33000000,0,-33000000
A Dog of Flanders,0,0,0
Diary of a Wimpy Kid,15000000,76196538,61196538
The Happening,60000000,163403799,103403799
Anomalisa,8000000,5659286,-2340714
How to Fall in Love,4000000,0,-4000000
Jawbreaker,3000000,3076820,76820
The Ugly Truth,38000000,321682600,283682600
Daddy Day Care,60000000,164433867,104433867
Larry Crowne,30000000,75055070,45055070
Sausage Party,19000000,140705322,121705322
Snow White: A Deadly Summer,1000000,0,-1000000
Paranormal Activity 2,3000000,177512032,174512032
Charlie Bartlett,12000000,0,-12000000
Elf,32000000,173398518,141398518
Stealing Harvard,0,0,0
On the Outs,0,0,0
AWOL-72,3000000,0,-3000000
London to Brighton,0,449681,449681
A Home at the End of the World,6500000,1548955,-4951045
Barbecue,6000000,14348529,8348529
Borat: Cultural Learnings of America for Make Benefit Glorious Nation of Kazakhstan,18000000,262552893,244552893
Coraline,60000000,124596398,64596398
Drinking Buddies,0,343341,343341
Armored,20000000,22942221,2942221
Poseidon,160000000,181674817,21674817
The Cooler,32000000,0,-32000000
Keanu,15000000,20609977,5609977
The Call of Cthulhu,50000,0,-50000
Bad Words,9500000,7800000,-1700000
St. Trinian's,0,0,0
Ghost Town,20000000,27090159,7090159
Antibirth,35000000,0,-35000000
Scoop,4000000,31584901,27584901
Dead Like Me: Life After Death,5000000,0,-5000000
Hot Tub Time Machine,36000000,64780213,28780213
Made of Honor,40000000,106407672,66407672
My Life in Ruins,17000000,20455276,3455276
Without a Paddle,19000000,69631118,50631118
Stung,2500000,0,-2500000
Code 46,7500000,0,-7500000
Alpha and Omega,20000000,50500000,30500000
Area 51,5000000,7556,-4992444
The Jungle Book 2,20000000,135680000,115680000
D.E.B.S.,3500000,0,-3500000
The Texas Chainsaw Massacre: The Beginning,16000000,51764406,35764406
Road Hard,1500000,0,-1500000
Yogi Bear,80000000,203509374,123509374
Source Code,32000000,147332697,115332697
Twixt,7000000,1300000,-5700000
Chasseurs de dragons,12000000,12235843,235843
Sea Rex 3D: Journey to a Prehistoric World,5000000,4074023,-925977
Green Room,5000000,3769214,-1230786
Savage Grace,4600000,1432799,-3167201
"Monsters, Inc.",115000000,562816256,447816256
Piranha 3D,24000000,83188165,59188165
Baby Mama,30000000,63833449,33833449
Dead Man's Shoes,0,0,0
Drowning Mona,6000000,15427192,9427192
Rubber,500000,98017,-401983
Brick Lane,0,0,0
Escape from Planet Earth,40000000,74597643,34597643
Bizarre,0,0,0
Everything Must Go,5000000,2614773,-2385227
Out of the Blue,0,0,0
How She Move,0,0,0
Sex Tape,40000000,126069509,86069509
Observe and Report,0,24007324,24007324
While We're Young,10000000,17287309,7287309
Men in Black II,140000000,441818803,301818803
Accidental Love,26000000,24487,-25975513
17 Again,20000000,136267476,116267476
Gory Gory Hallelujah,0,0,0
"Jeff, Who Lives at Home",10000000,4417580,-5582420
The Passion of the Christ,30000000,611899420,581899420
Leap Year,19000000,32686500,13686500
Light It Up,13000000,5985690,-7014310
The Salon,1500000,0,-1500000
The Blair Witch Project,60000,248639099,248579099
Hross í oss,0,0,0
Atlantis: The Lost Empire,120000000,186053725,66053725
Rise of the Entrepreneur: The Search for a Better Way,0,0,0
Stolen Summer,0,0,0
Shadow of the Vampire,8000000,8279017,279017
The Reef,0,0,0
I Am Wrath,18000000,0,-18000000
Exit Wounds,50000000,79958599,29958599
Luminarias,1000000,428535,-571465
Tusk,3000000,1882074,-1117926
Legally Blonde,18000000,141774679,123774679
The Living Wake,0,0,0
Evan Almighty,175000000,174440724,-559276
Fort McCoy,0,0,0
Creative Control,1000000,0,-1000000
The Perfect Host,0,14870,14870
The Crocodile Hunter: Collision Course,0,33082548,33082548
Saw IV,10000000,139352633,129352633
"Dude, Where's My Car?",13000000,73180723,60180723
Jane Got a Gun,25000000,1397284,-23602716
Saint Ralph,0,489389,489389
The Curse of Downers Grove,2000000,0,-2000000
Peeples,15,0,-15
Timber Falls,2600000,0,-2600000
Aroused,0,0,0
Swelter,8000000,0,-8000000
Willard,22000000,8564586,-13435414
Against the Wild,1493619,0,-1493619
The Naked Ape,0,0,0
The Opposite Sex,3300000,45000,-3255000
Vals Im Bashir,1500000,11179372,9679372
The Haunting in Connecticut 2: Ghosts of Georgia,9000000,0,-9000000
Criminal Activities,7000000,0,-7000000
40 Days and 40 Nights,17000000,0,-17000000
Maggie,4000000,187112,-3812888
High School Musical,4200000,0,-4200000
Safe,30000000,40346186,10346186
Fat Albert,26000000,48563556,22563556
Adaptation.,19000000,32801173,13801173
Time Changer,825000,0,-825000
The Devil Inside,1000000,101758490,100758490
Stargate: The Ark of Truth,7000000,8900000,1900000
3 Strikes,6000000,9000000,3000000
Kicks,0,0,0
Joe Dirt,17700000,30987695,13287695
Religulous,0,0,0
Chain of Command,5000000,0,-5000000
Garfield,50000000,200804534,150804534
Jeepers Creepers,10000000,59217789,49217789
Trucker,2000000,0,-2000000
And When Did You Last See Your Father?,0,92,92
King's Ransom,0,0,0
Brave,185000000,538983207,353983207
Supporting Characters,0,0,0
Crowsnest,1200000,0,-1200000
Hoodwinked!,15000000,51053787,36053787
The New Guy,13000000,31167388,18167388
Shaun of the Dead,4000000,30332385,26332385
Lake Mungo,0,0,0
Wendy and Lucy,200000,1192655,992655
The Crazies,20000000,54956140,34956140
Shaft,30000000,21360215,-8639785
Stuart Little 2,120000000,169956806,49956806
Blue Streak,65000000,117758500,52758500
Bolt,150000000,309979994,159979994
30 Minutes or Less,28000000,40547440,12547440
The Guilt Trip,40000000,41863726,1863726
Jesus People,0,0,0
Should've Been Romeo,0,0,0
Due Date,65000000,211780824,146780824
Frankenweenie,39000000,81493846,42493846
Boogeyman,20000000,67192859,47192859
I Want Someone to Eat Cheese With,0,0,0
Don Gato: El Inicio de le Pandilla,8000000,0,-8000000
My Big Fat Independent Movie,0,0,0
How to Train Your Dragon 2,145000000,609123048,464123048
Mr. Peabody & Sherman,145000000,272912430,127912430
Identity,28000000,90259536,62259536
New York Minute,30000000,21289826,-8710174
Hot Tub Time Machine,36000000,64780213,28780213
Made of Honor,40000000,106407672,66407672
My Life in Ruins,17000000,20455276,3455276
Without a Paddle,19000000,69631118,50631118
Stung,2500000,0,-2500000
Code 46,7500000,0,-7500000
Alpha and Omega,20000000,50500000,30500000
Area 51,5000000,7556,-4992444
The Jungle Book 2,20000000,135680000,115680000
D.E.B.S.,3500000,0,-3500000
The Texas Chainsaw Massacre: The Beginning,16000000,51764406,35764406
Road Hard,1500000,0,-1500000
Yogi Bear,80000000,203509374,123509374
Source Code,32000000,147332697,115332697
Twixt,7000000,1300000,-5700000
Chasseurs de dragons,12000000,12235843,235843
Sea Rex 3D: Journey to a Prehistoric World,5000000,4074023,-925977
Green Room,5000000,3769214,-1230786
Savage Grace,4600000,1432799,-3167201
"Monsters, Inc.",115000000,562816256,447816256
Piranha 3D,24000000,83188165,59188165
Baby Mama,30000000,63833449,33833449
Dead Man's Shoes,0,0,0
Drowning Mona,6000000,15427192,9427192
Rubber,500000,98017,-401983
Brick Lane,0,0,0
Escape from Planet Earth,40000000,74597643,34597643
Bizarre,0,0,0
Everything Must Go,5000000,2614773,-2385227
Out of the Blue,0,0,0
How She Move,0,0,0
Sex Tape,40000000,126069509,86069509
Observe and Report,0,24007324,24007324
While We're Young,10000000,17287309,7287309
Men in Black II,140000000,441818803,301818803
Accidental Love,26000000,24487,-25975513
17 Again,20000000,136267476,116267476
Gory Gory Hallelujah,0,0,0
"Jeff, Who Lives at Home",10000000,4417580,-5582420
The Passion of the Christ,30000000,611899420,581899420
Leap Year,19000000,32686500,13686500
Light It Up,13000000,5985690,-7014310
The Salon,1500000,0,-1500000
The Blair Witch Project,60000,248639099,248579099
Hross í oss,0,0,0
Atlantis: The Lost Empire,120000000,186053725,66053725
Rise of the Entrepreneur: The Search for a Better Way,0,0,0
Stolen Summer,0,0,0
Shadow of the Vampire,8000000,8279017,279017
The Reef,0,0,0
I Am Wrath,18000000,0,-18000000
Exit Wounds,50000000,79958599,29958599
Luminarias,1000000,428535,-571465
Tusk,3000000,1882074,-1117926
Legally Blonde,18000000,141774679,123774679
The Living Wake,0,0,0
Evan Almighty,175000000,174440724,-559276
Fort McCoy,0,0,0
Creative Control,1000000,0,-1000000
The Perfect Host,0,14870,14870
The Crocodile Hunter: Collision Course,0,33082548,33082548
Saw IV,10000000,139352633,129352633
"Dude, Where's My Car?",13000000,73180723,60180723
Jane Got a Gun,25000000,1397284,-23602716
Saint Ralph,0,489389,489389
The Curse of Downers Grove,2000000,0,-2000000
Peeples,15,0,-15
Timber Falls,2600000,0,-2600000
Aroused,0,0,0
Swelter,8000000,0,-8000000
Willard,22000000,8564586,-13435414
Against the Wild,1493619,0,-1493619
The Naked Ape,0,0,0
The Opposite Sex,3300000,45000,-3255000
Vals Im Bashir,1500000,11179372,9679372
The Haunting in Connecticut 2: Ghosts of Georgia,9000000,0,-9000000
Criminal Activities,7000000,0,-7000000
40 Days and 40 Nights,17000000,0,-17000000
Maggie,4000000,187112,-3812888
High School Musical,4200000,0,-4200000
Safe,30000000,40346186,10346186
Fat Albert,26000000,48563556,22563556
Adaptation.,19000000,32801173,13801173
Time Changer,825000,0,-825000
The Devil Inside,1000000,101758490,100758490
Stargate: The Ark of Truth,7000000,8900000,1900000
3 Strikes,6000000,9000000,3000000
Kicks,0,0,0
Joe Dirt,17700000,30987695,13287695
Religulous,0,0,0
Chain of Command,5000000,0,-5000000
Garfield,50000000,200804534,150804534
Jeepers Creepers,10000000,59217789,49217789
Trucker,2000000,0,-2000000
And When Did You Last See Your Father?,0,92,92
King's Ransom,0,0,0
Brave,185000000,538983207,353983207
Supporting Characters,0,0,0
Crowsnest,1200000,0,-1200000
Hoodwinked!,15000000,51053787,36053787
The New Guy,13000000,31167388,18167388
Shaun of the Dead,4000000,30332385,26332385
Lake Mungo,0,0,0
Wendy and Lucy,200000,1192655,992655
The Crazies,20000000,54956140,34956140
Shaft,30000000,21360215,-8639785
Stuart Little 2,120000000,169956806,49956806
Blue Streak,65000000,117758500,52758500
Bolt,150000000,309979994,159979994
30 Minutes or Less,28000000,40547440,12547440
The Guilt Trip,40000000,41863726,1863726
Jesus People,0,0,0
Should've Been Romeo,0,0,0
Due Date,65000000,211780824,146780824
Frankenweenie,39000000,81493846,42493846
Boogeyman,20000000,67192859,47192859
I Want Someone to Eat Cheese With,0,0,0
Don Gato: El Inicio de le Pandilla,8000000,0,-8000000
My Big Fat Independent Movie,0,0,0
How to Train Your Dragon 2,145000000,609123048,464123048
Mr. Peabody & Sherman,145000000,272912430,127912430
Identity,28000000,90259536,62259536
New York Minute,30000000,21289826,-8710174
Love Stinks,0,0,0
Sherrybaby,2000000,622806,-1377194
My Boss's Daughter,14000000,0,-14000000
Kevin Hart: Laugh at My Pain,0,0,0
Cruel Intentions,10500000,76347426,65847426
Sound of My Voice,0,0,0
Fantasia 2000,80000000,60655420,-19344580
Sunshine Cleaning,5000000,16174377,11174377
The Blue Butterfly,12500000,1775619,-10724381
Haywire,23000000,33372606,10372606
Supercross,0,3102550,3102550
One for the Money,40000000,36893721,-3106279
Friends with Money,6500000,13368437,6868437
Shrek,60000000,487853320,427853320
Stoker,12000000,12077441,77441
Shrek the Third,160000000,798958165,638958165
Zambezia,20000000,0,-20000000
"Ultramarines: A Warhammer 40,000 Movie",0,0,0
Tracker,6500000,0,-6500000
Austin Powers: The Spy Who Shagged Me,33000000,312016858,279016858
Austin Powers in Goldmember,63000000,296655431,233655431
Getaway,18000000,10501938,-7498062
Jackass: The Movie,5000000,64282312,59282312
Sinister 2,10000000,53329150,43329150
Happy Christmas,0,0,0
Treasure Planet,140000000,109578115,-30421885
Harvard Man,0,0,0
Runner Runner,30000000,62616646,32616646
The Dog Lover,2000000,0,-2000000
Spirit: Stallion of the Cimarron,80000000,122563539,42563539
My Dog Tulip,0,246574,246574
The Importance of Being Earnest,0,0,0
Amnesiac,3000000,0,-3000000
The SpongeBob Movie: Sponge Out of Water,74000000,311594032,237594032
The Eye,12000000,56309766,44309766
Jonah: A VeggieTales Movie,0,0,0
Texas Chainsaw 3D,10000000,0,-10000000
The Banger Sisters,10000000,38068353,28068353
Slither,15000000,12834936,-2165064
Blue Jasmine,18000000,99206215,81206215
Inescapable,0,0,0
Kung Fu Killer,0,0,0
Ask Me Anything,950000,0,-950000
The Cave,30000000,15007991,-14992009
10 Things I Hate About You,16000000,53478166,37478166
Hide and Seek,30000000,122650962,92650962
A Good Day to Die Hard,92000000,304654182,212654182
The Young Unknowns,0,0,0
White Noise 2: The Light,0,0,0
DOA: Dead or Alive,21000000,7563172,-13436828
Toy Story 2,90000000,497366869,407366869
Alvin and the Chipmunks: The Squeakquel,75000000,443140005,368140005
Over Her Dead Body,10000000,0,-10000000
Gothika,40000000,141591324,101591324
Freddy Got Fingered,14000000,14343028,343028
Cama adentro,0,0,0
The Witch,4000000,40423945,36423945
Life During Wartime,4500000,744816,-3755184
The Brass Teapot,0,0,0
Confessions of a Teenage Drama Queen,15000000,29331068,14331068
A Plague So Pleasant,0,0,0
Frozen,150000000,1274219009,1124219009
Stories of Our Lives,0,0,0
The Timber,0,0,0
Wristcutters: A Love Story,0,0,0
The Ruins,8000000,22700000,14700000
Deuces Wild,0,0,0
Loving Annabelle,900000,0,-900000
Wal-Mart: The High Cost of Low Price,0,0,0
The Perks of Being a Wallflower,13000000,33400000,20400000
N-Secure,0,2592808,2592808
The Battle of Shaker Heights,1000000,0,-1000000
Dawn of the Crescent Moon,0,0,0
UnDivided,0,0,0
Chronicle,15000000,145000000,130000000
Madagascar,75000000,542063846,467063846
Paul Blart: Mall Cop 2,38000000,107597242,69597242
Obvious Child,0,3123963,3123963
Semi-Pro,0,33472850,33472850
Recess: School's Out,10000000,44460850,34460850
Irréversible,0,792200,792200
Screwed,0,0,0
We Have Your Husband,0,0,0
Spy Kids: All the Time in the World,27000000,85564310,58564310
Quartet,11000000,59520298,48520298
Anacondas: The Hunt for the Blood Orchid,0,0,0
Kill List,500000,450275,-49725
A Cinderella Story,19000000,70067909,51067909
Seed of Chucky,12000000,24829644,12829644
Meet Dave,60000000,50650079,-9349921
Like Crazy,250000,3542353,3292353
Role Models,28000000,92380927,64380927
Unstoppable,100000000,167805466,67805466
Nanny McPhee,25000000,123276807,98276807
The Image Revolution,50000,0,-50000
Cloverfield,25000000,170764026,145764026
Jungle Shuffle,10000000,0,-10000000
Crossroads,0,5738952,5738952
Held Up,0,0,0
And Then Came Love,0,0,0
Out of the Dark,0,0,0
The Sleepwalker,0,0,0
Paranormal Activity 4,5000000,142817992,137817992
Alleluia! The Devil's Carnival,0,0,0
Sunday School Musical,0,0,0
The Christmas Candle,0,0,0
The Man from Earth,200000,0,-200000
Taxi to the Dark Side,1000000,274661,-725339
The Good Heart,3800000,0,-3800000
The Innkeepers,750000,78396,-671604
Newlyweds,9000,0,-9000
The Veil,4000000,0,-4000000
11:14,6000000,0,-6000000
Hayride,60000,0,-60000
Road Trip,16000000,119754278,103754278
Final Destination 3,25000000,118890272,93890272
Hai Marjawaan!,0,0,0
Psycho Beach Party,1500000,0,-1500000
Monster House,75000000,140175006,65175006
Kevin Hart: Let Me Explain,0,32230907,32230907
127 Hours,18000000,35692920,17692920
Bowfinger,55000000,98625775,43625775
Walking Tall,56000000,57223890,1223890
The Wash,7000000,10229331,3229331
Flightplan,55000000,223387299,168387299
Catch a Fire,14000000,5710236,-8289764
Malibu's Most Wanted,15000000,34000000,19000000
House on Haunted Hill,37000000,40846082,3846082
Donkey Punch,0,0,0
Transporter 2,32000000,89083229,57083229
Manito,0,0,0
Seventh Son,95000000,114178613,19178613
Frances Ha,0,4069826,4069826
Monkeybone,75000000,5409517,-69590483
Summer Storm,0,0,0
The Polar Express,165000000,310634054,145634054
Mama,15000000,146497771,131497771
The Damned United,10000000,0,-10000000
EuroTrip,25000000,20796847,-4203153
1982,0,0,0
You Will Meet a Tall Dark Stranger,22000000,0,-22000000
Chain Letter,5000000,143000,-4857000
Flying By,0,0,0
Supernova,0,2506542,2506542
The Canyons,250000,56825,-193175
The Art of Getting By,0,1406224,1406224
Down Terrace,31192,10000,-21192
Starsky & Hutch,60000000,170268750,110268750
The Devil's Tomb,10000000,0,-10000000
Thank You for Smoking,6500000,24793509,18293509
This Is Martin Bonner,0,0,0
The Lion of Judah,15000000,0,-15000000
Don't Be Afraid of the Dark,25000000,36993168,11993168
Apollo 18,5000000,25562924,20562924
Hop,63000000,183953723,120953723
Unfriended,1000000,62882090,61882090
Going the Distance,32000000,42045846,10045846
Man of the House,40000000,21577624,-18422376
Evolution,80000000,98376292,18376292
Extreme Movie,0,54822,54822
Deuce Bigalow: European Gigolo,22000000,22400154,400154
The Blue Room,0,0,0
Chats perchés,0,0,0
Lucy,40000000,458863600,418863600
America Is Still the Place,0,0,0
Adulterers,750000,0,-750000
Raymond Did It,0,0,0
Tiger Orange,0,0,0
Black Knight,50000000,33422806,-16577194
Jason X,11000000,16951798,5951798
Heaven Is for Real,12000000,101332962,89332962
Centurion,12000000,6890432,-5109568
Gracie,9000000,2955039,-6044961
Blackthorn,0,987883,987883
"Fat, Sick & Nearly Dead",0,0,0
Harrison Montgomery,0,0,0
Dance Flick,25,32,7
Exam,600000,0,-600000
Who's Your Caddy?,0,0,0
Shattered Glass,6000000,2944752,-3055248
Bad Teacher,20000000,216197492,196197492
Notes on a Scandal,15000000,49469904,34469904
The Pet,0,0,0
The Dead Girl,0,0,0
Bridge to Terabithia,60000000,137587063,77587063
Mr. Bean's Holiday,25000000,232225908,207225908
Le peuple migrateur,35866397,20217080,-15649317
Thr3e,0,0,0
Dogtown and Z-Boys,0,0,0
The Hit List,6000000,0,-6000000
Good Boy!,17000000,0,-17000000
The Longshots,23000000,11767866,-11232134
Book of Shadows: Blair Witch 2,15000000,47737094,32737094
Johnny English,40000000,160583018,120583018
Rollerball,70000000,25852764,-44147236
Despicable Me 2,76000000,970761885,894761885
Happily N'Ever After,47000000,38085778,-8914222
Chicken Run,45000000,224834564,179834564
Paranormal Activity,215000,194183034,193968034
Larry the Cable Guy: Health Inspector,0,0,0
Lilo & Stitch,80000000,273144151,193144151
Titan A.E.,75000000,36754634,-38245366
Paparazzi,20000000,16605763,-3394237
Kissing Jessica Stein,1000000,10013424,9013424
City of Ember,55000000,17869048,-37130952
Dry Spell,22000,0,-22000
Rise of the Guardians,145000000,306941670,161941670
20 Feet from Stardom,1000000,5892466,4892466
Death Calls,0,0,0
Underworld: Awakening,70000000,160112671,90112671
The Tigger Movie,30000000,45554533,15554533
Brokedown Palace,25000000,10115013,-14884987
The Matador,10000000,17297244,7297244
Big Momma's House 2,40000000,138259062,98259062
Dudley Do-Right,70000000,0,-70000000
Hey Arnold! The Movie,0,0,0
51 Birch Street,0,0,0
After,14000000,69497587,55497587
Open Season,85000000,197309027,112309027
When the Lights Went Out,0,1181929,1181929
The I Inside,8800000,72962,-8727038
Everything Put Together,500000,0,-500000
Vampires Suck,20000000,80547866,60547866
Knockaround Guys,15000000,12000000,-3000000
Deadfall,12000000,66351,-11933649
Incident at Loch Ness,1400000,37493,-1362507
Redacted,5000000,782102,-4217898
The Deported,0,0,0
Born to Fly: Elizabeth Streb vs. Gravity,0,0,0
The Loved Ones,0,0,0
Boat Trip,20000000,8586376,-11413624
Harry Brown,7300000,10329747,3029747
The Perfect Match,0,0,0
The Touch,0,0,0
Over the Hedge,80000000,343397247,263397247
Butterfly Girl,0,0,0
A Guy Thing,20000000,17432163,-2567837
Ernest et Célestine,12516654,8109160,-4407494
Windsor Drive,0,0,0
Pooh's Heffalump Movie,20000000,52900000,32900000
Old School,24000000,87135520,63135520
George and the Dragon,32000000,0,-32000000
My Date with Drew,0,0,0
長江七號,0,47301471,47301471
Amidst the Devil's Wings,300000,0,-300000
The House of the Devil,0,0,0
"I Love You, Beth Cooper",18000000,15345201,-2654799
Home on the Range,110000000,103951461,-6048539
Zombie Hunter,0,0,0
The Good Dinosaur,175000000,332207671,157207671
Just Visiting,40000000,0,-40000000
Antarctic Edge: 70° South,0,0,0
Pontypool,1500000,32000,-1468000
Tarnation,218,1162014,1161796
Containment,0,0,0
xXx: State of the Union,60000000,71073932,11073932
The Green Inferno,5000000,6833445,1833445
The Virgin Suicides,6000000,10409377,4409377
All Good Things,0,0,0
The Emperor's New Groove,100000000,169327687,69327687
Zookeeper,80000000,169852759,89852759
Ghost Ship,35000000,68349884,33349884
Malevolence,450000,0,-450000
Black Water Transit,0,0,0
Stan Helsing,108,0,-108
Paddington,55000000,259207227,204207227
Bee Movie,150000000,287594577,137594577
Les Triplettes de Belleville,9500000,14776760,5276760
The Stepfather,20000000,31198531,11198531
The Warrior's Way,42000000,11087569,-30912431
A Madea Christmas,47000000,53396354,6396354
The Jacket,29000000,21733230,-7266770
The Collection,0,6842058,6842058
Step Up Revolution,33000000,140470746,107470746
Tuck Everlasting,15000000,19158074,4158074
(500) Days of Summer,7500000,60781545,53281545
The Algerian,1,0,-1
The Final Destination,40000000,186167139,146167139
"Peace, Propaganda & the Promised Land",0,0,0
Little Nicky,85000000,58292295,-26707705
Dickie Roberts: Former Child Star,0,0,0
Like Mike,30000000,0,-30000000
Devil's Due,7000000,36433975,29433975
Free Birds,55000000,110000000,55000000
The Last Five Years,3500000,292092,-3207908
Best in Show,0,0,0
The Unborn,16000000,76514050,60514050
Outside Bet,7500000,0,-7500000
Teacher's Pet,10000000,0,-10000000
Swordfish,102000000,147080413,45080413
The Mighty Macs,7000000,0,-7000000
Disaster Movie,25000000,14109284,-10890716
8: The Mormon Proposition,0,0,0
The Jimmy Show,0,0,0
The Puffy Chair,15000,0,-15000
少林足球,10000005,42776760,32776755
Superstar,0,0,0
Tin Can Man,10000,0,-10000
"Surfer, Dude",6000000,69497,-5930503
Office Space,10000000,10827810,827810
Grave Encounters,1000000,0,-1000000
三枪拍案惊奇,0,0,0
Race to Witch Mountain,50000000,106303988,56303988
Neighbors 2: Sorority Rising,35000000,108758521,73758521
The Bubble,0,0,0
Bran Nue Dae,0,0,0
Pieces of April,300000,0,-300000
Hum To Mohabbat Karega,0,0,0
Space Chimps,37000000,64762724,27762724
Shark Night 3D,28000000,10126458,-17873542
Epic Movie,20000000,86865564,66865564
Nine Dead,2000000,0,-2000000
Duma,12000000,0,-12000000
Adam,0,3037173,3037173
Civil Brand,500000,243347,-256653
Resident Evil,33000000,102984862,69984862
Slackers,14000000,6413915,-7586085
The Incredible Burt Wonderstone,30000000,27437881,-2562119
2016: Obama's America,2500000,33400000,30900000
Barry Munday,0,0,0
Chloe,14000000,11808880,-2191120
Serendipity,28000000,77516304,49516304
Close Range,3000000,0,-3000000
The Night Listener,0,10639686,10639686
Everybody's Fine,21000000,16443609,-4556391
A Christmas Carol,200000000,325286646,125286646
Marci X,20000000,1675706,-18324294
Mutant World,0,1500000,1500000
An Ideal Husband,14000000,18535191,4535191
Let's Go to Prison,4000000,4630045,630045
Hitman,24000000,99965753,75965753
The Quiet,900000,381420,-518580
The Master of Disguise,0,43411001,43411001
The Betrayed,3500000,0,-3500000
The Anniversary,50000,0,-50000
Woman Thou Art Loosed,3000000,6804016,3804016
The Beaver,21000000,970816,-20029184
Censored Voices,0,0,0
Big Fat Liar,15000000,52970014,37970014
The Prince,18000000,0,-18000000
Wind Walkers,0,0,0
Samsara,4000000,0,-4000000
Happy Feet,100000000,384335608,284335608
The Grace Card,200000,2295733,2095733
Kung Pow: Enter the Fist,0,0,0
Goddess of Love,0,0,0
Drive,0,0,0
Abandon,25000000,10719357,-14280643
Rampage,120000000,426245950,306245950
An American Carol,20000000,7000000,-13000000
The Dark Hours,500000,0,-500000
Not Cool,800000,36026,-763974
No Good Deed,13200000,53830415,40630415
La Marche de l'empereur,3300000,127392239,124092239
Superhero Movie,35000000,25871834,-9128166
Miss Potter,30000000,35078241,5078241
Next Day Air,0,0,0
The Reaping,40000000,62771059,22771059
The Grand Budapest Hotel,30000000,174600318,144600318
Bleeding Hearts,0,0,0
The Outrageous Sophie Tucker,0,0,0
Choke,3000000,3982459,982459
Hostel,4800000,81979826,77179826
Hostel: Part II,10200000,35728183,25528183
"Alexander and the Terrible, Horrible, No Good, Very Bad Day",28000000,100654149,72654149
The Stepford Wives,90000000,102000000,12000000
Let's Kill Ward's Wife,5000000,0,-5000000
The Wackness,6000000,3175469,-2824531
Cavite,7,70,63
Fruitvale Station,900000,17549645,16649645
Grandma's Boy,5000000,6538177,1538177
Get Low,700000,10522511,9822511
Food Chains,913000,0,-913000
Skyline,10000000,66984887,56984887
Ultraviolet,30000000,31070211,1070211
Unsullied,0,0,0
Robots,75000000,262511490,187511490
Soul Survivors,17000000,4299141,-12700859
World's Greatest Dad,10000000,221805,-9778195
What's the Worst That Could Happen?,60000000,38400000,-21600000
Moonrise Kingdom,16000000,68263166,52263166
Elektra,43000000,56681566,13681566
Treachery,625000,0,-625000
The Covenant,20000000,37597471,17597471
Unaccompanied Minors,26000000,0,-26000000
Mutual Friends,0,0,0
Light from the Darkroom,600000,0,-600000
The Exploding Girl,0,0,0
The Benchwarmers,0,0,0
Interview with the Assassin,500000,0,-500000
The Good Girl,8000000,16856124,8856124
The Wicked Within,0,0,0
The Lost Medallion: The Adventures of Billy Stone,0,0,0
The Adventures of Elmo in Grouchland,0,0,0
Deck the Halls,51000000,47231070,-3768930
Queen Crab,75000,0,-75000
Two Lovers and a Bear,0,0,0
Kicking & Screaming,45000000,56070433,11070433
Chicken Little,150000000,314432665,164432665
Eye of the Dolphin,2500000,71904,-2428096
High Road,0,0,0
The Legend of God's Gun,0,0,0
Arthur et les Minimoys,86000000,107944236,21944236
Movie 43,6000000,32438988,26438988
Isn't She Great,36000000,3003296,-32996704
A Beginner's Guide to Snuff,0,0,0
Dead Snow,0,0,0
Buried,1987650,19152480,17164830
Phone Booth,13000000,97837138,84837138
Cursed,35000000,19294901,-15705099
50 First Dates,75000000,196482882,121482882
ZMD: Zombies of Mass Destruction,0,0,0
Zoom,75600000,12506188,-63093812
The Pacifier,56000000,198636868,142636868
In Too Deep,7000000,14011454,7011454
House of D,0,0,0
Honey,18000000,62646763,44646763
This Thing of Ours,0,0,0
Good Luck Chuck,25000000,59192128,34192128
Snow Queen,0,0,0
Youth in Revolt,18000000,0,-18000000
Lights Out,4900000,148868835,143968835
Beer League,0,0,0
Wrong Turn,0,3777969,3777969
Los cronocrímenes,2600000,553198,-2046802
House at the End of the Drive,0,0,0
Jackass Number Two,11000000,72778712,61778712
Forsaken,11000000,0,-11000000
Young Adult,12000000,22939027,10939027
Spy Kids,35000000,147934180,112934180
Wrath of the Titans,150000000,301970083,151970083
Along Came Polly,42000000,178311729,136311729
The Apparition,17000000,9627492,-7372508
The Amityville Horror,19000000,108047131,89047131
The Giver,25000000,66980456,41980456
Stay Alive,9000000,27105095,18105095
The Brothers Solomon,0,0,0
Hot Rod,0,14334401,14334401
Blood and Chocolate,0,0,0
Valentine,0,0,0
Whatever It Takes,15000000,9902115,-5097885
Killer Joe,10000000,4633668,-5366332
Valiant,35000000,61746888,26746888
The FP,0,0,0
50/50,8000000,39187783,31187783
Valley of the Heart's Delight,0,0,0
Reno 911!: Miami,10000000,20342161,10342161
兔侠传奇,19000000,3699225,-15300775
Arthur Christmas,10000000,0,-10000000
The Vatican Exorcisms,0,0,0
Doogal,20000000,27450189,7450189
Hobo with a Shotgun,3000000,748453,-2251547
Punch-Drunk Love,25000000,24665649,-334351
George Washington,42000,241816,199816
Frailty,11000000,17423030,6423030
The Adventures of Sharkboy and Lavagirl,50000000,71992655,21992655
Elling,0,0,0
Dracula Untold,70000000,217124280,147124280
Saints and Soldiers,780000,0,-780000
Submarine,0,864659,864659
Project X,0,0,0
Despicable Me,69000000,533679475,464679475
Lockout,20000000,32204030,12204030
Cavite,7,70,63
Fruitvale Station,900000,17549645,16649645
Grandma's Boy,5000000,6538177,1538177
Get Low,700000,10522511,9822511
Food Chains,913000,0,-913000
Skyline,10000000,66984887,56984887
Ultraviolet,30000000,31070211,1070211
Unsullied,0,0,0
Robots,75000000,262511490,187511490
Soul Survivors,17000000,4299141,-12700859
World's Greatest Dad,10000000,221805,-9778195
What's the Worst That Could Happen?,60000000,38400000,-21600000
Moonrise Kingdom,16000000,68263166,52263166
Elektra,43000000,56681566,13681566
Treachery,625000,0,-625000
The Covenant,20000000,37597471,17597471
Unaccompanied Minors,26000000,0,-26000000
Mutual Friends,0,0,0
Light from the Darkroom,600000,0,-600000
The Exploding Girl,0,0,0
The Benchwarmers,0,0,0
Interview with the Assassin,500000,0,-500000
The Good Girl,8000000,16856124,8856124
The Wicked Within,0,0,0
The Lost Medallion: The Adventures of Billy Stone,0,0,0
The Adventures of Elmo in Grouchland,0,0,0
Deck the Halls,51000000,47231070,-3768930
Queen Crab,75000,0,-75000
Two Lovers and a Bear,0,0,0
Kicking & Screaming,45000000,56070433,11070433
Chicken Little,150000000,314432665,164432665
Eye of the Dolphin,2500000,71904,-2428096
High Road,0,0,0
The Legend of God's Gun,0,0,0
Arthur et les Minimoys,86000000,107944236,21944236
Movie 43,6000000,32438988,26438988
Isn't She Great,36000000,3003296,-32996704
A Beginner's Guide to Snuff,0,0,0
Dead Snow,0,0,0
Buried,1987650,19152480,17164830
Phone Booth,13000000,97837138,84837138
Cursed,35000000,19294901,-15705099
50 First Dates,75000000,196482882,121482882
ZMD: Zombies of Mass Destruction,0,0,0
Zoom,75600000,12506188,-63093812
The Pacifier,56000000,198636868,142636868
In Too Deep,7000000,14011454,7011454
House of D,0,0,0
Honey,18000000,62646763,44646763
This Thing of Ours,0,0,0
Good Luck Chuck,25000000,59192128,34192128
Snow Queen,0,0,0
Youth in Revolt,18000000,0,-18000000
Lights Out,4900000,148868835,143968835
Beer League,0,0,0
Wrong Turn,0,3777969,3777969
Los cronocrímenes,2600000,553198,-2046802
House at the End of the Drive,0,0,0
Jackass Number Two,11000000,72778712,61778712
Forsaken,11000000,0,-11000000
Young Adult,12000000,22939027,10939027
Spy Kids,35000000,147934180,112934180
Wrath of the Titans,150000000,301970083,151970083
Along Came Polly,42000000,178311729,136311729
The Apparition,17000000,9627492,-7372508
The Amityville Horror,19000000,108047131,89047131
The Giver,25000000,66980456,41980456
Stay Alive,9000000,27105095,18105095
The Brothers Solomon,0,0,0
Hot Rod,0,14334401,14334401
Blood and Chocolate,0,0,0
Valentine,0,0,0
Whatever It Takes,15000000,9902115,-5097885
Killer Joe,10000000,4633668,-5366332
Valiant,35000000,61746888,26746888
The FP,0,0,0
50/50,8000000,39187783,31187783
Valley of the Heart's Delight,0,0,0
Reno 911!: Miami,10000000,20342161,10342161
兔侠传奇,19000000,3699225,-15300775
Arthur Christmas,10000000,0,-10000000
The Vatican Exorcisms,0,0,0
Doogal,20000000,27450189,7450189
Hobo with a Shotgun,3000000,748453,-2251547
Punch-Drunk Love,25000000,24665649,-334351
George Washington,42000,241816,199816
Frailty,11000000,17423030,6423030
The Adventures of Sharkboy and Lavagirl,50000000,71992655,21992655
Elling,0,0,0
Dracula Untold,70000000,217124280,147124280
Saints and Soldiers,780000,0,-780000
Submarine,0,864659,864659
Project X,0,0,0
Despicable Me,69000000,533679475,464679475
Lockout,20000000,32204030,12204030
Space Dogs,0,0,0
Demonic,0,0,0
龙之谷：破晓奇兵,40000000,0,-40000000
The Others,17000000,209947037,192947037
The Young Victoria,35000000,29196409,-5803591
Suspect Zero,27000000,13000000,-14000000
The Lego Movie,60000000,469160692,409160692
"I, Frankenstein",65000000,76801179,11801179
The Love Guru,62000000,40854735,-21145265
Team America: World Police,32000000,50907422,18907422
Cypher,7500000,0,-7500000
Old Joy,300000,0,-300000
Closure,0,0,0
Dredd,50000000,41037742,-8962258
Down for Life,0,0,0
Stuart Little,133000000,300135367,167135367
Iraq for Sale: The War Profiteers,0,0,0
Four Christmases,80000000,163733697,83733697
My Name Is Bruce,1500000,173066,-1326934
The Believer,1500000,1309316,-190684
Winter Passing,3500000,113783,-3386217
Bandidas,35000000,18381890,-16618110
The Grudge,10000000,183474602,173474602
Highlander: Endgame,25000000,15843608,-9156392
Urban Legends: Final Cut,14000000,38574362,24574362
Eddie: The Sleepwalking Cannibal,0,1632,1632
Breaking Upwards,0,0,0
Seeking a Friend for the End of the World,10000000,9636289,-363711
My Blueberry Nights,10000000,21786738,11786738
Murderball,300000,1750211,1450211
The Rocker,15000000,8762890,-6237110
St. Vincent,13000000,54837234,41837234
Diamond Ruff,0,0,0
Enter the Dangerous Mind,0,0,0
In the Shadow of the Moon,0,0,0
How to Train Your Dragon,165000000,494878759,329878759
Royal Kill,0,0,0
9,30000000,48428063,18428063
Poolhall Junkies,0,0,0
Unfinished Business,35000000,14431253,-20568747
The Tale of Despereaux,60000000,86947965,26947965
Love's Abiding Joy,0,0,0
The R.M.,0,0,0
Rugrats in Paris: The Movie,30,103,73
Persepolis,7300000,0,-7300000
Winnie the Pooh,30000000,14460000,-15540000
Top Spin,0,0,0
Ravenous,12000000,0,-12000000
Plastic,10,0,-10
Son of the Mask,84000000,0,-84000000
Digimon: The Movie,5500000,16600000,11100000
Factory Girl,7000000,0,-7000000
A Walk to Remember,11800000,47494916,35694916
The Woman Chaser,0,0,0
Ghost Rider: Spirit of Vengeance,57000000,132563930,75563930
There Be Dragons,0,0,0
Resident Evil: Retribution,65000000,240159255,175159255
21,35000000,69823199,34823199
Fugly,0,0,0
Inside Man,45000000,186003591,141003591
Molière,0,0,0
Courage,0,0,0
Lincoln,65000000,275293450,210293450
Subconscious,0,0,0
卧虎藏龍,17000000,213525736,196525736
Joe,4000000,2365467,-1634533
Pan,150000000,128388320,-21611680
Un long dimanche de fiançailles,47000000,0,-47000000
Jarhead,72000000,97076152,25076152
W.,25100000,29506464,4406464
xXx,70000000,277448382,207448382
The Hurricane,50000000,73956241,23956241
Suicide Squad,175000000,746846894,571846894
The Debt,20000000,45636368,25636368
21 & Over,13000000,48065672,35065672
Brooklyn,11000000,62076141,51076141
W Imię...,0,0,0
8 femmes,8000000,0,-8000000
வாலு,0,0,0
Bully,0,480811,480811
X-Men,75000000,296339527,221339527
投名狀,40000000,0,-40000000
Bon voyage,0,0,0
辛亥革命,30000000,108348,-29891652
Transformers,150000000,709709780,559709780
Guardians of the Galaxy,170000000,772776600,602776600
Room,13000000,35401758,22401758
Escape Plan,50000000,122915111,72915111
Brother,12000000,15250000,3250000
La grande bellezza,12400000,24164400,11764400
The Three Musketeers,30000000,53898845,23898845
十面埋伏,0,0,0
Love,3000000,249083,-2750917
Amigo,1200000,0,-1200000
Water,0,10422387,10422387
RED,58000000,71664962,13664962
Red,0,0,0
بيت من رمال,0,0,0
Bride & Prejudice,7000000,0,-7000000
Trash,0,0,0
कृष,0,0,0
The Lost City,9600000,4386236,-5213764
Wild,15000000,52501541,37501541
Hustle & Flow,8000000,23563727,15563727
A Separation,0,0,0
Undercover Brother,25000000,41604473,16604473
Ступа,0,0,0
The Looking Glass,0,0,0
Cavite,7,70,63
Fruitvale Station,900000,17549645,16649645
Grandma's Boy,5000000,6538177,1538177
Get Low,700000,10522511,9822511
Food Chains,913000,0,-913000
Skyline,10000000,66984887,56984887
Ultraviolet,30000000,31070211,1070211
Unsullied,0,0,0
Robots,75000000,262511490,187511490
Soul Survivors,17000000,4299141,-12700859
World's Greatest Dad,10000000,221805,-9778195
What's the Worst That Could Happen?,60000000,38400000,-21600000
Moonrise Kingdom,16000000,68263166,52263166
Elektra,43000000,56681566,13681566
Treachery,625000,0,-625000
The Covenant,20000000,37597471,17597471
Unaccompanied Minors,26000000,0,-26000000
Mutual Friends,0,0,0
Light from the Darkroom,600000,0,-600000
The Exploding Girl,0,0,0
The Benchwarmers,0,0,0
Interview with the Assassin,500000,0,-500000
The Good Girl,8000000,16856124,8856124
The Wicked Within,0,0,0
The Lost Medallion: The Adventures of Billy Stone,0,0,0
The Adventures of Elmo in Grouchland,0,0,0
Deck the Halls,51000000,47231070,-3768930
Queen Crab,75000,0,-75000
Two Lovers and a Bear,0,0,0
Kicking & Screaming,45000000,56070433,11070433
Chicken Little,150000000,314432665,164432665
Eye of the Dolphin,2500000,71904,-2428096
High Road,0,0,0
The Legend of God's Gun,0,0,0
Arthur et les Minimoys,86000000,107944236,21944236
Movie 43,6000000,32438988,26438988
Isn't She Great,36000000,3003296,-32996704
A Beginner's Guide to Snuff,0,0,0
Dead Snow,0,0,0
Buried,1987650,19152480,17164830
Phone Booth,13000000,97837138,84837138
Cursed,35000000,19294901,-15705099
50 First Dates,75000000,196482882,121482882
ZMD: Zombies of Mass Destruction,0,0,0
Zoom,75600000,12506188,-63093812
The Pacifier,56000000,198636868,142636868
In Too Deep,7000000,14011454,7011454
House of D,0,0,0
Honey,18000000,62646763,44646763
This Thing of Ours,0,0,0
Good Luck Chuck,25000000,59192128,34192128
Snow Queen,0,0,0
Youth in Revolt,18000000,0,-18000000
Lights Out,4900000,148868835,143968835
Beer League,0,0,0
Wrong Turn,0,3777969,3777969
Los cronocrímenes,2600000,553198,-2046802
House at the End of the Drive,0,0,0
Jackass Number Two,11000000,72778712,61778712
Forsaken,11000000,0,-11000000
Young Adult,12000000,22939027,10939027
Spy Kids,35000000,147934180,112934180
Wrath of the Titans,150000000,301970083,151970083
Along Came Polly,42000000,178311729,136311729
The Apparition,17000000,9627492,-7372508
The Amityville Horror,19000000,108047131,89047131
The Giver,25000000,66980456,41980456
Stay Alive,9000000,27105095,18105095
The Brothers Solomon,0,0,0
Hot Rod,0,14334401,14334401
Blood and Chocolate,0,0,0
Valentine,0,0,0
Whatever It Takes,15000000,9902115,-5097885
Killer Joe,10000000,4633668,-5366332
Valiant,35000000,61746888,26746888
The FP,0,0,0
50/50,8000000,39187783,31187783
Valley of the Heart's Delight,0,0,0
Reno 911!: Miami,10000000,20342161,10342161
兔侠传奇,19000000,3699225,-15300775
Arthur Christmas,10000000,0,-10000000
The Vatican Exorcisms,0,0,0
Doogal,20000000,27450189,7450189
Hobo with a Shotgun,3000000,748453,-2251547
Punch-Drunk Love,25000000,24665649,-334351
George Washington,42000,241816,199816
Frailty,11000000,17423030,6423030
The Adventures of Sharkboy and Lavagirl,50000000,71992655,21992655
Elling,0,0,0
Dracula Untold,70000000,217124280,147124280
Saints and Soldiers,780000,0,-780000
Submarine,0,864659,864659
Project X,0,0,0
Despicable Me,69000000,533679475,464679475
Lockout,20000000,32204030,12204030
Space Dogs,0,0,0
Demonic,0,0,0
龙之谷：破晓奇兵,40000000,0,-40000000
The Others,17000000,209947037,192947037
The Young Victoria,35000000,29196409,-5803591
Suspect Zero,27000000,13000000,-14000000
The Lego Movie,60000000,469160692,409160692
"I, Frankenstein",65000000,76801179,11801179
The Love Guru,62000000,40854735,-21145265
Team America: World Police,32000000,50907422,18907422
Cypher,7500000,0,-7500000
Old Joy,300000,0,-300000
Closure,0,0,0
Dredd,50000000,41037742,-8962258
Down for Life,0,0,0
Stuart Little,133000000,300135367,167135367
Iraq for Sale: The War Profiteers,0,0,0
Four Christmases,80000000,163733697,83733697
My Name Is Bruce,1500000,173066,-1326934
The Believer,1500000,1309316,-190684
Winter Passing,3500000,113783,-3386217
Bandidas,35000000,18381890,-16618110
The Grudge,10000000,183474602,173474602
Highlander: Endgame,25000000,15843608,-9156392
Urban Legends: Final Cut,14000000,38574362,24574362
Eddie: The Sleepwalking Cannibal,0,1632,1632
Breaking Upwards,0,0,0
Seeking a Friend for the End of the World,10000000,9636289,-363711
My Blueberry Nights,10000000,21786738,11786738
Murderball,300000,1750211,1450211
The Rocker,15000000,8762890,-6237110
St. Vincent,13000000,54837234,41837234
Diamond Ruff,0,0,0
Enter the Dangerous Mind,0,0,0
In the Shadow of the Moon,0,0,0
How to Train Your Dragon,165000000,494878759,329878759
Royal Kill,0,0,0
9,30000000,48428063,18428063
Poolhall Junkies,0,0,0
Unfinished Business,35000000,14431253,-20568747
The Tale of Despereaux,60000000,86947965,26947965
Love's Abiding Joy,0,0,0
The R.M.,0,0,0
Rugrats in Paris: The Movie,30,103,73
Persepolis,7300000,0,-7300000
Winnie the Pooh,30000000,14460000,-15540000
Top Spin,0,0,0
Ravenous,12000000,0,-12000000
Plastic,10,0,-10
Son of the Mask,84000000,0,-84000000
Digimon: The Movie,5500000,16600000,11100000
Factory Girl,7000000,0,-7000000
A Walk to Remember,11800000,47494916,35694916
The Woman Chaser,0,0,0
Ghost Rider: Spirit of Vengeance,57000000,132563930,75563930
There Be Dragons,0,0,0
Resident Evil: Retribution,65000000,240159255,175159255
21,35000000,69823199,34823199
Fugly,0,0,0
Inside Man,45000000,186003591,141003591
Molière,0,0,0
Courage,0,0,0
Lincoln,65000000,275293450,210293450
Subconscious,0,0,0
卧虎藏龍,17000000,213525736,196525736
Joe,4000000,2365467,-1634533
Pan,150000000,128388320,-21611680
Un long dimanche de fiançailles,47000000,0,-47000000
Jarhead,72000000,97076152,25076152
W.,25100000,29506464,4406464
xXx,70000000,277448382,207448382
The Hurricane,50000000,73956241,23956241
Suicide Squad,175000000,746846894,571846894
The Debt,20000000,45636368,25636368
21 & Over,13000000,48065672,35065672
Brooklyn,11000000,62076141,51076141
W Imię...,0,0,0
8 femmes,8000000,0,-8000000
வாலு,0,0,0
Bully,0,480811,480811
X-Men,75000000,296339527,221339527
投名狀,40000000,0,-40000000
Bon voyage,0,0,0
辛亥革命,30000000,108348,-29891652
Transformers,150000000,709709780,559709780
Guardians of the Galaxy,170000000,772776600,602776600
Room,13000000,35401758,22401758
Escape Plan,50000000,122915111,72915111
Brother,12000000,15250000,3250000
La grande bellezza,12400000,24164400,11764400
The Three Musketeers,30000000,53898845,23898845
十面埋伏,0,0,0
Love,3000000,249083,-2750917
Amigo,1200000,0,-1200000
Water,0,10422387,10422387
RED,58000000,71664962,13664962
Red,0,0,0
بيت من رمال,0,0,0
Bride & Prejudice,7000000,0,-7000000
Trash,0,0,0
कृष,0,0,0
The Lost City,9600000,4386236,-5213764
Wild,15000000,52501541,37501541
Hustle & Flow,8000000,23563727,15563727
A Separation,0,0,0
Undercover Brother,25000000,41604473,16604473
Ступа,0,0,0
The Looking Glass,0,0,0
